         1   0.643564   0.688976   0.711382        0.7
         2   0.752475   0.571744   0.595402   0.583333
         3   0.864586   0.708219   0.705857   0.707036
         4   0.851485   0.673913   0.405229   0.506122
         5   0.811881   0.537071   0.584646   0.559849
         6   0.851485   0.447368   0.533101   0.486486
         7   0.831683   0.809906   0.777635   0.793443
         8   0.752475   0.650407    0.58651   0.616808
         9   0.861386   0.488095   0.608911    0.54185
        10   0.762376    0.69419   0.435701   0.535377
        11   0.861386    0.84411   0.739907   0.788581
        12   0.653465   0.773913   0.684615   0.726531
        13   0.821782   0.777403   0.758224   0.767694
        14   0.663366   0.950231   0.909192   0.929259
        15    0.80198   0.865719   0.733601   0.794203
        16   0.722772   0.885246   0.852632   0.868633
        17   0.891089   0.786552   0.851135    0.81757
        18   0.912091   0.772377   0.715187   0.742683
        19   0.831683   0.749758   0.736243   0.742939
        20   0.633663   0.512346   0.357759    0.42132
        21    0.80198   0.673684   0.592593   0.630542
        22   0.772277   0.955473   0.905097   0.929603
        23   0.732673   0.822878   0.734761   0.776327
        24   0.833183    0.49663   0.606888   0.546251
        25   0.881188   0.688474   0.830827   0.752981
        26   0.742574   0.567515   0.468498   0.513274
        27   0.712871   0.887603   0.795556   0.839063
        28   0.742574   0.844398   0.823887   0.834016
        29   0.455446    0.38615   0.267915   0.316346
        30   0.713271   0.615752   0.575893   0.595156
        31   0.712871   0.635417   0.556442   0.593313
        32   0.891089   0.571805   0.822749   0.674699
        33   0.752475   0.779297   0.610092   0.684391
        34   0.851485   0.671343   0.672691   0.672016
        35   0.782178   0.377875   0.498555   0.429907
        36   0.663366   0.796992   0.815385   0.806084
        37   0.663366   0.441989   0.380952   0.409207
        38 0.00990099   0.323887   0.390244   0.353982
        39   0.643564   0.700183   0.748047   0.723324
        40   0.841584   0.736111   0.666201   0.699413
        41   0.752475   0.382055       0.44   0.408985
        42   0.643564   0.496835   0.343545    0.40621
        43   0.712871   0.442224    0.56808   0.497313
        44   0.861386   0.771812   0.871212   0.818505
        45   0.188119   0.518828   0.288372   0.370703
        46   0.871287   0.657188    0.74955   0.700337
        47   0.861386   0.328025   0.449782   0.379374
        48   0.772277   0.546218   0.479705   0.510806
        49   0.871287   0.497326     0.4464   0.470489
        50    0.80198   0.769178   0.788624   0.778779
        51   0.861386       0.82       0.82       0.82
        52   0.831683   0.943457   0.864545   0.902279
        53   0.782178   0.936283    0.87438   0.904274
        54   0.693069   0.805616   0.744511   0.773859
        55   0.712871   0.506766    0.59539   0.547515
        56   0.643564   0.336601   0.476852   0.394636
        57   0.772277   0.639889   0.609499   0.624324
        58   0.445545   0.513158   0.821053   0.631579
        59   0.881188   0.435135   0.552316   0.486772
        60   0.841584   0.865927   0.814991   0.839687
        61   0.762376   0.828025   0.833333   0.830671
        62   0.762376    0.62069   0.428571   0.507042
        63    0.70297   0.705342   0.733507   0.719149
        64   0.792079   0.572115    0.65146   0.609215
        65   0.712871   0.932611   0.648536   0.765054
        66   0.851485   0.821981   0.830986   0.826459
        67    0.50495   0.653566   0.558458    0.60228
        68   0.613861   0.811146   0.834395   0.822606
        69   0.326733   0.763679   0.381617   0.508922
        70   0.782178   0.429119       0.56     0.4859
        71   0.762376   0.731111   0.655378   0.691176
        72   0.913491   0.535033   0.628147   0.577863
        73   0.663366   0.500588   0.364414   0.421782
        74   0.831683   0.510441   0.674847   0.581242
        75   0.118812   0.731034   0.395522   0.513317
        76    0.70297   0.623907   0.519417   0.566887
        77   0.851485   0.811842   0.664155    0.73061
        78   0.851485   0.727778   0.700535   0.713896
        79   0.712871   0.610592   0.449026   0.517492
        80   0.534653   0.676221   0.640201   0.657718
        81   0.752475        0.5    0.38843   0.437209
        82   0.693069   0.679083   0.525499     0.5925
        83   0.732673   0.797297   0.655556   0.719512
        84   0.811881   0.801314   0.680614   0.736048
        85   0.841584   0.752294   0.791506   0.771402
        86   0.831683   0.528967   0.453564   0.488372
        87   0.762376   0.540139   0.486173   0.511737
        88   0.029703   0.715986   0.522981   0.604451
        89   0.613861   0.584302   0.702797   0.638095
        90   0.732673   0.674419   0.592767   0.630962
        91   0.881188   0.854032   0.729512   0.786876
        92    0.80198   0.915033   0.817518   0.863531
        93   0.128713   0.533698   0.380519   0.444276
        94   0.881188    0.88902   0.785193   0.833887
        95   0.811881   0.699837   0.877301   0.778584
        96   0.653465   0.781145    0.64624   0.707317
        97   0.831683   0.651543   0.603361   0.626527
        98   0.762376   0.493902   0.595588       0.54
        99   0.831683   0.759259   0.763725   0.761486
       100   0.782178   0.673653   0.639205   0.655977
       101   0.357036   0.660633   0.586345   0.621277
       102   0.910591   0.596063   0.750679   0.664496
       103   0.633663   0.711221   0.576975   0.637103
       104   0.782178   0.495787   0.424789    0.45755
       105   0.811881   0.813725   0.783019   0.798077
       106   0.831683   0.797661   0.734914   0.765003
       107   0.683168   0.756691   0.814136   0.784363
       108   0.831683   0.678879   0.722477        0.7
       109   0.829083   0.837155   0.589102   0.691558
       110   0.881188   0.416667    0.54386   0.471842
       111    0.80198    0.50297   0.579909   0.538706
       112   0.752475   0.787234   0.742972   0.764463
       113   0.831683   0.728696   0.805769   0.765297
       114   0.673267   0.729792   0.655602    0.69071
       115    0.60396      0.218   0.512941   0.305965
       116   0.831683   0.613393   0.661213   0.636406
       117   0.841584   0.300226   0.208464   0.246068
       118   0.663366   0.776886   0.692418   0.732224
       119    0.70297   0.659389   0.580769   0.617587
       120   0.722772   0.527508   0.459155   0.490964
       121   0.831683   0.646154   0.606299   0.625592
       122   0.732673   0.871028   0.785835   0.826241
       123   0.851485   0.513057        0.5   0.506444
       124   0.891089   0.565268   0.656292   0.607389
       125    0.49505   0.661142   0.550613   0.600837
       126   0.848385   0.777056   0.847688   0.810837
       127   0.762376   0.634545   0.526395   0.575433
       128    0.80198   0.570637   0.656051    0.61037
       129   0.831683   0.734043   0.788571   0.760331
       130   0.851485   0.625889   0.792793   0.699523
       131   0.841584   0.806452    0.69089   0.744212
       132   0.811881   0.781499   0.676796   0.725389
       133   0.813281    0.79735   0.670086   0.728199
       134   0.891089   0.407895   0.799427   0.540174
       135   0.851485   0.799787   0.735553   0.766327
       136   0.643564   0.867965   0.603461    0.71194
       137   0.871287   0.781997   0.648775   0.709184
       138   0.792079    0.64472   0.711934   0.676662
       139   0.683168   0.672589   0.572973   0.618797
       140   0.782178   0.704937   0.633643   0.667391
       141   0.792079   0.780439   0.809524   0.794715
       142   0.475248    0.84178   0.504071   0.630556
       143   0.831683   0.805732   0.808307   0.807018
       144   0.841584   0.686275   0.853659    0.76087
       145   0.831683   0.863363   0.801953   0.831526
       146   0.792079   0.632054   0.433437   0.514233
       147   0.178218   0.641566   0.630178   0.635821
       148   0.821782   0.653352   0.597911   0.624404
       149   0.732673   0.698259   0.626736   0.660567
       150   0.188119   0.804296   0.600713   0.687755
       151   0.732673   0.882507   0.901333   0.891821
       152   0.663366    0.53882   0.434837   0.481276
       153    0.80198   0.578544   0.511864   0.543165
       154   0.811881   0.682226   0.687161   0.684685
       155   0.663366   0.703549   0.512938    0.59331
       156   0.663366   0.788512   0.845938   0.816216
       157   0.871287   0.872381    0.82821   0.849722
       158   0.653565   0.826401   0.587404   0.686702
       159   0.881188   0.807246   0.750674   0.777933
       160   0.752475   0.754144   0.743869   0.748971
       161   0.653465   0.748436   0.602823   0.667783
       162   0.841584   0.360485   0.396947   0.377838
       163   0.772277   0.680352   0.447876   0.540163
       164   0.881188    0.44878   0.929293   0.605263
       165    0.70297      0.554   0.560729   0.557344
       166   0.752475   0.660237   0.635714   0.647744
       167   0.267327   0.271739   0.155763    0.19802
       168   0.732673   0.760159   0.806424   0.782609
       169   0.594059   0.619658   0.333845   0.433915
       170   0.168317    0.52919   0.628635   0.574642
       171   0.524752   0.747642   0.699779   0.722919
       172   0.821782   0.485816   0.566116   0.522901
       173    0.80198   0.704248   0.676609   0.690152
       174   0.217822    0.71727    0.44282   0.547581
       175   0.881188   0.666667   0.914863    0.77129
       176   0.861386   0.660559   0.740541   0.698267
       177    0.70297   0.577093    0.53252   0.553911
       178   0.712871   0.869658    0.85865   0.864119
       179   0.891089   0.827778   0.698984   0.757948
       180   0.722772   0.816794   0.791128   0.803756
       181   0.851485   0.625899   0.776786   0.693227
       182    0.80198   0.713101   0.809793   0.758377
       183    0.60396   0.605505   0.460733    0.52329
       184   0.762376   0.443077        0.5   0.469821
       185   0.841584   0.982213   0.754173   0.853219
       186   0.786179   0.437453   0.481354   0.458355
       187   0.762376   0.888372   0.842337   0.864743
       188   0.772277   0.710728   0.561271   0.627219
       189   0.742574   0.351931   0.792271    0.48737
       190   0.851485   0.750495   0.889671   0.814178
       191   0.792079   0.657534   0.580645   0.616702
       192   0.772277   0.854867    0.76063      0.805
       193   0.792079   0.695035   0.740554   0.717073
       194   0.871287   0.755789   0.581848   0.657509
       195   0.851485   0.477099   0.706215   0.569476
       196   0.673267   0.648551   0.503516   0.566904
       197   0.544554   0.444785   0.357143   0.396175
       198   0.861386   0.768392   0.943144   0.846847
       199   0.930693   0.691596   0.746878   0.718175
       200   0.277228   0.590535   0.333333   0.426132
       201   0.643564   0.684536   0.633588   0.658077
       202    0.90099   0.774424   0.889599   0.828025
       203   0.772277   0.719807   0.782152   0.749686
       204   0.861386   0.862013   0.869067   0.865526
       205   0.642164    0.69147   0.646735   0.668355
       206   0.613961   0.752688   0.711382   0.731452
       207   0.889689   0.706106   0.738771   0.722069
       208   0.772277   0.747253    0.73613    0.74165
       209   0.772277   0.841683   0.780669   0.810029
       210   0.732673   0.805483   0.649474   0.719114
       211   0.811881    0.47352    0.47352    0.47352
       212   0.742574   0.485207    0.51735   0.500763
       213   0.831683   0.463014   0.490566   0.476392
       214   0.871287   0.793238   0.882779   0.835616
       215   0.673267    0.63466   0.532417    0.57906
       216   0.854885    0.85701   0.776245   0.814631
       217    0.70297   0.588803   0.402906   0.478431
       218   0.821782   0.521401   0.802395   0.632075
       219   0.782178   0.695391   0.702429   0.698892
       220   0.693069   0.657388   0.517707   0.579245
       221   0.811881   0.786108   0.707341   0.744648
       222   0.475248   0.578662   0.293309   0.389294
       223   0.920792   0.261097    0.41841   0.321543
       224   0.881188   0.640084   0.638743   0.639413
       225   0.762376   0.831974   0.726496   0.775665
       226   0.742574   0.772556   0.681592   0.724229
       227   0.831683   0.771208   0.634249   0.696056
       228   0.663366   0.740952   0.753876   0.747358
       229    0.19802   0.844628   0.443576   0.581673
       230   0.940594   0.823529   0.881119   0.851351
       231   0.881688   0.793731   0.736653   0.764128
       232   0.148515   0.539978   0.548998   0.544451
       233   0.792079   0.751938   0.850877   0.798354
       234   0.643564   0.534137   0.335435   0.412084
       235   0.910891   0.779661   0.894168   0.832998
       236    0.80198   0.652778   0.439252    0.52514
       237   0.841584   0.527027   0.680233   0.593909
       238   0.891089   0.699874   0.719844   0.709719
       239    0.70297   0.707983   0.608303   0.654369
       240   0.821782   0.695353   0.701389   0.698358
       241   0.841584   0.624214   0.589896    0.60657
       242    0.80198   0.529289   0.482824    0.50499
       243   0.742574    0.61305   0.483832    0.54083
       244   0.831683    0.88792     0.9106   0.899117
       245   0.752475   0.764706   0.514325   0.615008
       246   0.811881   0.580071   0.588448   0.584229
       247    0.70297   0.865471   0.797521   0.830108
       248   0.742574   0.367052   0.369186   0.368116
       249   0.693069   0.511509    0.35057   0.416017
       250   0.831683   0.773109   0.744939   0.758763
       251   0.118812   0.267707    0.12606   0.171407
       252   0.841584   0.700826   0.727273   0.713805
       253   0.821782   0.435453    0.56927    0.49345
       254   0.653465   0.310931   0.367044   0.336665
       255   0.910891   0.579978   0.831513   0.683333
       256   0.841584   0.808652   0.739726   0.772655
       257   0.752475   0.506378   0.490123   0.498118
       258   0.782178   0.492408   0.441634   0.465641
       259   0.633663   0.555944   0.732719   0.632207
       260   0.663366   0.909561    0.88665   0.897959
       261   0.772277   0.824561   0.567976    0.67263
       262   0.643564   0.840228      0.775   0.806297
       263   0.643564   0.818692   0.797814   0.808118
       264   0.871287   0.492662   0.586035   0.535308
       265   0.920792   0.496063   0.702602   0.581538
       266   0.891089   0.733656   0.791123   0.761307
       267   0.693069   0.891104   0.928115   0.909233
       268   0.732673   0.595588   0.537611   0.565116
       269   0.821782   0.726675   0.740295   0.733422
       270   0.633663   0.493878   0.647059   0.560185
       271   0.742574   0.707965   0.577617   0.636183
       272   0.633663   0.475248   0.388839   0.427723
       273   0.792079   0.717084   0.611317    0.65999
       274   0.722772   0.577812   0.528169   0.551876
       275   0.653465   0.890432     0.8769   0.883614
       276   0.811881   0.521368   0.508333   0.514768
       277   0.712871   0.448896   0.400438   0.423285
       278   0.910891   0.627078   0.590604   0.608295
       279   0.217822   0.398406    0.49505   0.441501
       280   0.861386   0.661538   0.725198   0.691907
       281   0.910891   0.736842   0.817121   0.774908
       282   0.683168   0.626308   0.600287   0.613021
       283   0.564356   0.677576   0.589041   0.630214
       284   0.782178   0.878099   0.874486   0.876289
       285   0.841584   0.816327    0.81716   0.816743
       286   0.643564   0.485265   0.360058   0.413389
       287   0.712871   0.632867   0.489189   0.551829
       288   0.821782   0.861607   0.780113   0.818838
       289   0.831683   0.875923   0.869501   0.872701
       290   0.049505    0.57425   0.226813   0.325186
       291   0.841584   0.832474   0.865952   0.848883
       292   0.871287   0.806122   0.864964   0.834507
       293    0.60396   0.703125   0.725806   0.714286
       294   0.732673   0.759062    0.80543   0.781559
       295   0.762376   0.681481       0.64    0.66009
       296   0.722772   0.559727   0.390012   0.459706
       297    0.90099   0.499022   0.700549   0.582857
       298   0.910891   0.646465   0.773414   0.704264
       299   0.544554    0.69883   0.561033   0.622396
       300   0.871287   0.659634   0.775207   0.712766
       301   0.752475   0.781411   0.692073   0.734034
       302   0.881188   0.802579   0.872708   0.836176
       303   0.732673   0.666667   0.659975   0.663304
       304   0.881188   0.695473    0.68008   0.687691
       305   0.861386   0.751009   0.683824   0.715843
       306   0.851485   0.746667   0.807991   0.776119
       307   0.663366   0.515451   0.538065   0.526515
       308   0.673267   0.797531   0.580413   0.671867
       309   0.633663   0.776946   0.752174   0.764359
       310   0.712871   0.528131   0.493639   0.510302
       311   0.811881   0.896429   0.867512   0.881733
       312   0.534653   0.344086   0.166667   0.224561
       313   0.841584   0.627983     0.5727   0.599069
       314   0.752475   0.637647   0.640662   0.639151
       315   0.227723   0.479401        0.5   0.489484
       316   0.306931   0.347305   0.348348   0.347826
       317   0.445545   0.572358   0.292602   0.387239
       318   0.930693   0.717949    0.70529   0.711563
       319   0.841584   0.512241   0.502773   0.507463
       320   0.821782   0.952327   0.943757   0.948023
       321   0.683168   0.834646   0.758226   0.794603
       322   0.693069   0.692222   0.594466    0.63963
       323   0.762376   0.639693   0.536046   0.583301
       324   0.653465   0.861888   0.672578   0.755556
       325   0.821782   0.768046   0.661143   0.710597
       326   0.871287   0.870647   0.815851   0.842359
       327   0.653465   0.691275   0.658568   0.674525
       328   0.534653   0.756173   0.676796   0.714286
       329   0.772277   0.832853   0.704019   0.763036
       330   0.881188   0.390203   0.496774   0.437086
       331   0.782178   0.744268   0.704508   0.723842
       332   0.673267   0.447746   0.327586   0.378355
       333   0.891089   0.670246   0.650521   0.660236
       334   0.772277    0.57385    0.50641   0.538025
       335   0.405941   0.504386   0.539906   0.521542
       336   0.643564   0.331066   0.488294   0.394595
       337   0.792079   0.636727   0.718468   0.675132
       338   0.811881   0.737395   0.540832      0.624
       339   0.851485   0.667118   0.772727   0.716049
       340   0.881188   0.712418   0.819549   0.762238
       341   0.881188   0.696774   0.707424   0.702059
       342   0.772277   0.554758   0.523729   0.538797
       343  0.0207021   0.677903   0.693487   0.685606
       344   0.891089   0.756623   0.777211   0.766779
       345   0.554455   0.761905   0.744186   0.752941
       346   0.752475   0.486631   0.606667   0.540059
       347   0.673267   0.441176   0.340909   0.384615
       348   0.712871   0.778481    0.77116   0.774803
       349   0.821782   0.621762   0.403135    0.48913
       350   0.782178   0.909639    0.80177   0.852305
       351   0.891089   0.905609   0.918169   0.911846
       352   0.148515   0.526316   0.441176       0.48
       353   0.831683   0.697436   0.633049   0.663684
       354    0.49505   0.714286   0.712946   0.713615
       355   0.514851   0.676471   0.691729   0.684015
       356   0.366337   0.584055   0.553366   0.568297
       357   0.821782   0.606688   0.690217   0.645763
       358   0.712871   0.536489    0.43004   0.477402
       359   0.841584   0.790456   0.745597   0.767372
       360   0.465347   0.728863   0.528541   0.612745
       361   0.891089   0.648986   0.866667   0.742194
       362   0.712871   0.542884   0.534819   0.538821
       363   0.415842   0.730769    0.62603   0.674357
       364   0.475248    0.63871   0.744361     0.6875
       365   0.821782   0.746898   0.800532   0.772786
       366   0.811881   0.571281   0.574844   0.573057
       367   0.871287    0.86858   0.876524   0.872534
       368   0.742574    0.80167   0.704587       0.75
       369   0.850385   0.433378   0.499683   0.464175
       370   0.633663   0.515337    0.34891   0.416099
       371   0.613861   0.738182   0.533509   0.619375
       372    0.80198   0.770314   0.746065   0.757996
       373   0.693069   0.639198   0.504394   0.563851
       374   0.762376    0.62623   0.577039   0.600629
       375   0.762376   0.652632    0.72093   0.685083
       376   0.871287   0.454545   0.640244   0.531646
       377   0.752475   0.693273   0.700461   0.696848
       378   0.772277   0.535242   0.627907   0.577883
       379   0.584158     0.4914   0.451467   0.470588
       380   0.732673   0.930783   0.854515    0.89102
       381   0.871287   0.436195   0.574924   0.496042
       382   0.792079   0.715068   0.720994   0.718019
       383   0.693069   0.884316   0.666387   0.760038
       384   0.862786   0.640773   0.652947   0.646803
       385   0.584158   0.643026   0.478032   0.548387
       386   0.792079   0.676573   0.536755   0.598608
       387   0.544554   0.387444   0.217742     0.2788
       388    0.90099   0.616519   0.659306   0.637195
       389   0.811881   0.520107   0.501292   0.510526
       390 0.00990099    0.27795    0.41055   0.331481
       391   0.752475   0.835314   0.806557   0.820684
       392   0.594059   0.544118   0.698113    0.61157
       393    0.90099   0.777003   0.718196   0.746444
       394   0.762376   0.758112   0.758112   0.758112
       395    0.80198   0.544757   0.351485   0.427282
       396   0.821782   0.603022   0.589262   0.596062
       397    0.80198   0.555147   0.631799   0.590998
       398   0.742574   0.260563   0.349057   0.298387
       399   0.049505   0.459235   0.223844   0.300981
       400   0.811881   0.672727   0.800481   0.731065
       401   0.732673   0.680952   0.474033   0.558958
       402   0.871287   0.766423   0.562701   0.648949
       403   0.891089   0.665158   0.595142   0.628205
       404   0.712871   0.650323   0.711864   0.679703
       405   0.841584   0.627639   0.689873   0.657286
       406    0.80198   0.431611   0.544061   0.481356
       407   0.881188   0.334711   0.292419   0.312139
       408   0.772277   0.596413   0.675127   0.633333
       409   0.871287   0.523457   0.648318   0.579235
       410   0.683168   0.575251     0.3918   0.466125
       411   0.861386   0.436747   0.525362   0.476974
       412   0.613861   0.642857   0.565068   0.601458
       413   0.673267   0.754741   0.727162   0.740695
       414   0.683168   0.793143   0.640221   0.708525
       415   0.831683   0.531732   0.561594   0.546256
       416   0.772277   0.709434   0.664311   0.686131
       417   0.851485   0.615491   0.809091   0.699136
       418   0.910891   0.853623   0.852388   0.853005
       419   0.891089   0.533898   0.552632   0.543103
       420   0.871287   0.826568   0.864865   0.845283
       421   0.811881   0.699742   0.784682   0.739782
       422   0.881188   0.845361   0.698467   0.764925
       423   0.910891   0.266187   0.274074   0.270073
       424   0.861386    0.73769   0.787763   0.761905
       425   0.881188    0.77639   0.723044   0.748768
       426   0.623762   0.801743   0.741935   0.770681
       427   0.455446   0.648649   0.543971   0.591716
       428   0.811881   0.750567    0.69392   0.721133
       429   0.838184    0.76797   0.752794   0.760306
       430   0.910891   0.835973   0.766598   0.799784
       431    0.60396   0.519084   0.316647   0.393348
       432   0.574357   0.849057   0.851351   0.850202
       433   0.722772   0.669767   0.591376   0.628135
       434   0.633663   0.562424   0.376623   0.451142
       435   0.831683    0.79386   0.627927   0.701211
       436   0.693069   0.629496   0.717213   0.670498
       437   0.742574   0.782842   0.710462   0.744898
       438   0.861386   0.630824   0.828235   0.716175
       439   0.446145   0.761905   0.733945   0.747664
       440   0.811881   0.628488   0.601124   0.614501
       441    0.70297   0.549738   0.541237   0.545455
       442    0.80188   0.685145   0.653224   0.668804
       443    0.80198   0.649746   0.600939    0.62439
       444   0.762376   0.566265   0.712121   0.630872
       445   0.821782   0.899881   0.851184   0.874855
       446   0.851485   0.832051    0.82256   0.827279
       447   0.841584   0.607706   0.564228    0.58516
       448    0.90099   0.817587    0.82478   0.821168
       449   0.792079    0.56691   0.621333   0.592875
       450   0.891089   0.853494   0.787249   0.819034
       451   0.722772   0.736052   0.635185   0.681909
       452   0.910891   0.724731   0.634652   0.676707
       453   0.811881   0.827795   0.831563   0.829674
       454   0.831683   0.604615   0.705566   0.651201
       455   0.881188   0.797516    0.82732   0.812144
       456   0.782178    0.75356   0.720419   0.736617
       457   0.574257   0.681818   0.647059   0.663984
       458   0.811881   0.896254   0.729476    0.80431
       459   0.673267   0.628235   0.532934   0.576674
       460   0.861386   0.749441   0.879265   0.809179
       461    0.80038   0.398362   0.345709   0.370173
       462   0.594059   0.470588   0.356877    0.40592
       463   0.782178   0.430818   0.378453   0.402941
       464   0.534653   0.709945   0.597674    0.64899
       465   0.772277   0.810026   0.709007   0.756158
       466   0.891089   0.761538   0.594595   0.667791
       467   0.882988   0.869505   0.775998   0.820095
       468   0.851485   0.796875   0.708333       0.75
       469   0.841584   0.546335   0.446328   0.491294
       470   0.683168   0.726449   0.669449   0.696785
       471   0.613861   0.433416    0.28404   0.343178
       472    0.49505   0.671569   0.467577   0.551308
       473   0.762376   0.807571   0.817891   0.812698
       474   0.742574   0.747381    0.59944   0.665285
       475   0.722772     0.6896   0.533416   0.601535
       476   0.683168    0.67033   0.772152   0.717647
       477   0.861386   0.331263   0.683761   0.446304
       478   0.693169   0.822742   0.756923   0.788462
       479   0.792079   0.812278    0.77901   0.795296
       480   0.879788   0.651372   0.710613   0.679704
       481   0.811881   0.911622   0.787657   0.845118
       482   0.817282   0.543131    0.62509   0.581235
       483    0.80198   0.710714   0.562147    0.62776
       484   0.930693   0.798883   0.921392   0.855775
       485   0.762376   0.571429   0.370607   0.449612
       486   0.841584   0.584848   0.753906   0.658703
       487   0.831683   0.770609   0.723906   0.746528
       488   0.841584   0.529412   0.579661   0.553398
       489   0.811881   0.834264   0.851711   0.842897
       490   0.752475   0.863911   0.717755   0.784081
       491   0.772277    0.65917   0.658031     0.6586
       492   0.357036   0.770642   0.602151   0.676056
       493   0.643564       0.55        0.6   0.573913
       494    0.60396   0.662264   0.503587   0.572127
       495   0.811881   0.538153   0.472663   0.503286
       496   0.792079   0.704036    0.69011   0.697003
       497   0.762376   0.555024   0.642659   0.595635
       498   0.683168   0.693578   0.456522   0.550619
       499   0.564356   0.455882    0.36417   0.404898
       500   0.821782   0.867482     0.7646   0.812798
       501   0.831683   0.829932   0.919367   0.872363
       502   0.732673   0.426984   0.327251   0.370523
       503   0.831683   0.864391   0.851818   0.858059
       504   0.871287    0.87896   0.825324   0.851298
       505   0.435644   0.477099   0.396825   0.433276
       506   0.861386   0.617613   0.686856   0.650397
       507    0.70297   0.706169   0.604167   0.651198
       508   0.811881   0.874631   0.777195    0.82304
       509   0.792079   0.562327   0.613293   0.586705
       510   0.762376   0.381443    0.40327   0.392053
       511   0.693069    0.70197   0.568862   0.628445
       512    0.70297   0.371622   0.252005   0.300341
       513   0.841584   0.790698   0.770781   0.780612
       514   0.119412   0.873377   0.777457    0.82263
       515    0.70297   0.588235   0.753769   0.660793
       516   0.891089   0.832664   0.772671   0.801546
       517   0.821782   0.488055   0.603376   0.539623
       518   0.722772    0.85177   0.790554   0.820021
       519   0.881188   0.817996        0.8   0.808898
       520   0.841584   0.633803   0.697674   0.664207
       521   0.693369   0.735849   0.745902   0.740841
       522    0.70297   0.679612   0.502392   0.577717
       523   0.821782   0.495449   0.417306   0.453032
       524    0.80198    0.74115    0.62037   0.675403
       525   0.712871   0.831874   0.787728   0.809199
       526   0.653465   0.628039   0.403856   0.491595
       527   0.722772   0.742049   0.648148   0.691928
       528   0.712871   0.822335    0.84375   0.832905
       529   0.817582   0.753288   0.790317   0.771359
       530   0.534653   0.636719    0.31246   0.419203
       531   0.871287   0.418728   0.558962   0.478788
       532   0.693069   0.247879    0.39909   0.305814
       533    0.90099   0.452282   0.652695   0.534314
       534   0.875088   0.784633   0.737087   0.760117
       535   0.831683   0.800738   0.659574   0.723333
       536   0.613861   0.497807   0.341867   0.405357
       537   0.425743   0.559426   0.345133   0.426896
       538   0.683168    0.81982   0.834862   0.827273
       539   0.863586   0.588594   0.611556   0.599855
       540    0.80198   0.586402    0.59769   0.591992
       541   0.673267   0.666167   0.619247    0.64185
       542   0.732673   0.671233   0.893617   0.766623
       543   0.881188   0.908076   0.898046   0.903033
       544   0.742574   0.722864   0.664544   0.692478
       545   0.762376   0.794931    0.62387   0.699088
       546   0.831683   0.736086      0.656   0.693739
       547   0.752475   0.578947   0.575486   0.577211
       548   0.861386      0.625   0.656566   0.640394
       549   0.772277   0.859701   0.789041   0.822857
       550   0.772277   0.666667   0.710383   0.687831
       551   0.871287   0.719231   0.823789   0.767967
       552   0.693069   0.654971   0.554455   0.600536
       553   0.758376   0.513253   0.292278   0.372457
       554    0.80198   0.694611   0.657224     0.6754
       555   0.841584   0.443609   0.681518   0.537411
       556   0.772277   0.759843   0.623251   0.684802
       557   0.851485   0.797082   0.770513   0.783572
       558   0.782178   0.589527    0.67767   0.630533
       559   0.623762   0.750842   0.656848   0.700707
       560   0.871287   0.712766   0.858974    0.77907
       561   0.772277   0.738739   0.672131   0.703863
       562   0.891089   0.366337   0.509174   0.426104
       563   0.742574   0.650069   0.607235   0.627923
       564   0.772277       0.48   0.566292   0.519588
       565   0.821782   0.880274   0.773547   0.823467
       566   0.891089   0.617737   0.707531   0.659592
       567   0.633663    0.58794   0.563855   0.575646
       568   0.831683   0.585812   0.572707   0.579186
       569   0.884288   0.645227   0.674121   0.659358
       570   0.306931   0.621253   0.521739   0.567164
       571    0.70297   0.571906   0.423267   0.486486
       572   0.861386   0.844488   0.757951   0.798883
       573   0.831683   0.715736   0.815029   0.762162
       574   0.772277   0.467652   0.337333   0.391944
       575    0.80198   0.594883     0.6975   0.642117
       576   0.762376   0.541063   0.324168    0.40543
       577   0.732673   0.522796   0.404706   0.456233
       578   0.861386   0.808901   0.805737   0.807315
       579   0.643564   0.605517    0.57236   0.588472
       580    0.50495   0.460837   0.565132   0.507683
       581   0.910291   0.483059   0.610737   0.539446
       582   0.831683   0.794667    0.67959   0.732637
       583   0.920792   0.701667   0.776753   0.737303
       584   0.633663   0.769892   0.582114   0.662963
       585   0.881188   0.831776   0.649635   0.729508
       586   0.772277   0.578358   0.524535   0.550133
       587   0.782178   0.712687    0.58679   0.643639
       588   0.445545   0.398396   0.237261   0.297405
       589   0.871287   0.824324   0.877327       0.85
       590  0.0594059   0.605244   0.573103   0.588735
       591   0.712871   0.875339   0.865952    0.87062
       592   0.762376    0.79529   0.693523   0.740928
       593   0.792079    0.29878   0.426087   0.351254
       594   0.623762   0.578616    0.37037   0.451645
       595   0.762376    0.71028   0.703704   0.706977
       596   0.871287   0.606557   0.631234    0.61865
       597   0.891089   0.698391   0.826984   0.757267
       598   0.811881   0.720524     0.6875   0.703625
       599   0.891089   0.630402   0.724315   0.674104
       600   0.805281    0.80618   0.775676   0.790634
       601   0.693069   0.518129   0.482571   0.499718
       602   0.851485    0.37987        0.3   0.335244
       603   0.752475   0.321412   0.361735   0.340384
       604   0.693069   0.669027    0.64726   0.657963
       605   0.831683   0.650316   0.659711    0.65498
       606   0.742574   0.557453   0.489101   0.521045
       607   0.752475   0.522901   0.600877   0.559184
       608   0.881188   0.885088   0.897687   0.891343
       609   0.712871   0.666667   0.567686   0.613208
       610   0.861386   0.662222   0.743142   0.700353
       611   0.693069   0.382382   0.317804   0.347115
       612   0.841584   0.745387    0.75514   0.750232
       613   0.910891   0.817822   0.786667   0.801942
       614   0.653465   0.774194   0.819876    0.79638
       615   0.841584   0.686949       0.82   0.747601
       616   0.732673   0.769437   0.759259   0.764314
       617   0.782178    0.63097   0.457503   0.530414
       618   0.277228   0.567213   0.329838   0.417119
       619   0.831683   0.682203   0.767886   0.722513
       620   0.633663   0.659722      0.625   0.641892
       621   0.881188   0.321185   0.742105   0.448331
       622   0.841584   0.723384   0.726839   0.725107
       623   0.445545   0.588571    0.70068   0.639752
       624   0.841584   0.697471   0.860744   0.770553
       625   0.881188   0.753388   0.642032   0.693267
       626   0.861386   0.806931   0.848958   0.827411
       627   0.821782   0.804286   0.823099   0.813584
       628   0.841584   0.499617   0.639843   0.561102
       629   0.712871   0.679749   0.585927    0.62936
       630   0.821782   0.575368   0.486781    0.52738
       631   0.762376   0.809798    0.76083   0.784551
       632   0.742574   0.777476   0.609574   0.683363
       633   0.524752   0.537037   0.434276   0.480221
       634   0.821782   0.802068   0.881494   0.839907
       635   0.851485   0.594702   0.515499   0.552276
       636   0.855986   0.680745   0.540017   0.602269
       637   0.851485   0.443182   0.540166   0.486891
       638   0.871287   0.639316   0.645941   0.642612
       639    0.49505   0.776699   0.680851   0.725624
       640   0.881188   0.619481   0.771221   0.687072
       641   0.792079   0.624615   0.478491   0.541875
       642   0.792079     0.6525   0.688654    0.67009
       643    0.70297   0.732673   0.567775   0.639769
       644   0.732673   0.522876   0.447761   0.482412
       645   0.693069   0.476636   0.503704   0.489796
       646   0.881188   0.622711   0.805687   0.702479
       647   0.821782   0.509728   0.548117   0.528226
       648    0.80198   0.420664   0.292308   0.344932
       649   0.861386   0.900145   0.767901   0.828781
       650   0.881188   0.689533   0.646552   0.667351
       651    0.80198   0.436975   0.587571   0.501205
       652   0.782178   0.846154   0.654623   0.738167
       653   0.881188   0.301262   0.359023   0.327616
       654   0.792079   0.351351   0.372951   0.361829
       655   0.831683   0.766551   0.838095   0.800728
       656   0.108911   0.582524   0.540541   0.560748
       657   0.346535   0.748466   0.508333   0.605459
       658   0.673267   0.726277    0.44921   0.555091
       659   0.524752   0.636364   0.525404   0.575585
       660    0.50495    0.65896   0.737864   0.696183
       661   0.762376   0.594697   0.545139   0.568841
       662   0.752475   0.818605       0.66   0.730796
       663   0.851485   0.600733   0.607407   0.604052
       664   0.762376   0.686441   0.752322   0.717873
       665   0.831683   0.772655   0.867857   0.817494
       666   0.594059   0.678337   0.575139    0.62249
       667   0.712871   0.910588   0.865772   0.887615
       668   0.861386   0.643032   0.751429   0.693017
       669   0.782178      0.625   0.553957   0.587338
       670   0.891089   0.755155   0.699284   0.726146
       671 0.00990099   0.563467   0.390558   0.461343
       672   0.534653   0.832031   0.841897   0.836935
       673   0.851485      0.702   0.818182   0.755651
       674   0.881188    0.48924   0.714885    0.58092
       675   0.635964   0.741463   0.649573   0.692483
       676   0.841584   0.740291   0.557587   0.636079
       677   0.752475   0.836502   0.827068   0.831758
       678   0.712871   0.807415   0.651163    0.72092
       679   0.772277   0.504732   0.483384   0.493827
       680   0.683168   0.428571    0.46875   0.447761
       681    0.80198   0.396088   0.453782   0.422977
       682   0.851485   0.466006   0.598182   0.523885
       683   0.792079   0.466321   0.382979   0.420561
       684   0.673267   0.564038   0.636261   0.597977
       685   0.613861   0.732919   0.781457    0.75641
       686   0.811881   0.562338   0.569737   0.566013
       687   0.841584   0.680266   0.703098   0.691494
       688   0.861386   0.490551   0.687638    0.57261
       689   0.841584   0.576547   0.686047   0.626549
       690   0.841584   0.805825   0.622722   0.702539
       691   0.326733   0.690476   0.478153   0.565027
       692   0.861386   0.703833    0.60479   0.650564
       693   0.861386   0.640221    0.82619   0.721414
       694   0.752475   0.565506   0.443433   0.497085
       695   0.787079   0.655949    0.67775   0.666671
       696    0.49505   0.522727   0.420732   0.466216
       697   0.891089   0.644788   0.843434   0.730853
       698   0.782178   0.669725   0.732441   0.699681
       699   0.859186   0.440471   0.843131   0.578645
       700   0.514851   0.830116   0.799257   0.814394
       701   0.673267   0.389408   0.255102   0.308261
       702   0.821782   0.575366   0.642926   0.607273
       703    0.80198    0.83449   0.778908   0.805742
       704   0.693069   0.429521     0.5168   0.469136
       705   0.762376   0.699088   0.567201   0.626276
       706   0.811881   0.600529   0.618529   0.609396
       707   0.752475   0.793165   0.675345   0.729529
       708   0.762376   0.631854   0.566745   0.597531
       709   0.851485    0.49402   0.655678   0.563484
       710   0.782178   0.652531   0.630119   0.641129
       711    0.80198   0.490501   0.410405   0.446892
       712   0.851485   0.390438    0.43299   0.410615
       713   0.861386   0.893401   0.891892   0.892646
       714   0.772277   0.640964   0.550725   0.592428
       715   0.811881   0.886731   0.807069   0.845027
       716   0.871287    0.45815   0.727273   0.562162
       717   0.841584   0.629213   0.796209   0.702929
       718   0.821782   0.467249      0.625   0.534733
       719    0.90099       0.62     0.6875   0.652008
       720   0.554455   0.451064   0.339744   0.387569
       721   0.653465   0.833063   0.849587   0.841244
       722   0.633663   0.723301   0.590099   0.649945
       723   0.861386   0.597813   0.789727   0.680498
       724   0.881188   0.664234   0.764706   0.710937
       725   0.633663   0.730737   0.587474   0.651321
       726   0.821782   0.751381   0.855346        0.8
       727   0.732673   0.846032   0.782098    0.81281
       728   0.821782   0.785219   0.809524   0.797186
       729   0.732673    0.56848   0.531579   0.549411
       730   0.762376   0.753231   0.604147   0.670502
       731   0.712871   0.901734   0.871508   0.886364
       732   0.524752   0.905908   0.915929   0.910891
       733    0.80198   0.700741   0.685507    0.69304
       734   0.871287   0.591988   0.633333   0.611963
       735   0.851485   0.764967   0.598958    0.67186
       736   0.841584   0.866472   0.830065   0.847878
       737   0.356436   0.821656   0.613312   0.702359
       738   0.881188   0.559585   0.679245   0.613636
       739   0.821782    0.43401   0.410564   0.421962
       740   0.613861   0.644809   0.492179    0.55825
       741   0.524752   0.775701   0.745063   0.760073
       742   0.485149   0.794661   0.758824   0.776329
       743   0.782178   0.706263   0.700214   0.703226
       744   0.871287   0.695946   0.710345   0.703072
       745   0.782178   0.612105   0.585526   0.598521
