0.00990099   0.787354   0.361192    0.49521
  0.019802   0.785296    0.37267   0.505466
  0.029703   0.783633   0.379893   0.511715
  0.039604   0.782415   0.385344   0.516372
  0.049505   0.781462   0.389918   0.520252
 0.0594059   0.780405   0.393916    0.52356
 0.0693069   0.779516   0.397478   0.526494
 0.0792079   0.778784   0.400697   0.529142
 0.0891089    0.77801   0.403552   0.531445
 0.0990099   0.777183   0.406235   0.533571
  0.108911   0.776565   0.408829   0.535657
  0.118812   0.775843   0.411206    0.53752
  0.128713   0.775169   0.413528   0.539337
  0.138614   0.774375   0.415808   0.541079
  0.148515   0.773565   0.418002   0.542733
  0.158416   0.772909    0.42027   0.544479
  0.168317   0.772196    0.42243    0.54611
  0.178218   0.771504   0.424561   0.547714
  0.188119   0.770734   0.426455   0.549092
   0.19802   0.770188    0.42829   0.550471
  0.207921   0.769539   0.430075   0.551777
  0.217822   0.768953   0.431859   0.553091
  0.227723   0.768299   0.433622   0.554364
  0.237624   0.767643   0.435365   0.555615
  0.247525   0.766888   0.437176   0.556889
  0.257426     0.7662   0.438923   0.558122
  0.267327   0.765413   0.440774   0.559406
  0.277228   0.764717   0.442645   0.560724
  0.287129   0.763892   0.444523   0.562005
   0.29703   0.763061   0.446447   0.563314
  0.306931   0.762212   0.448501   0.564713
  0.316832   0.761303   0.450358   0.565932
  0.326733   0.760442   0.452297   0.567221
  0.336634   0.759473   0.454243   0.568477
  0.346535   0.758523   0.456283   0.569805
  0.356436    0.75741   0.458245   0.571016
  0.366337   0.756481   0.460281   0.572329
  0.376238   0.755485   0.462278   0.573583
  0.386139   0.754567   0.464293   0.574865
   0.39604   0.753477   0.466151   0.575969
  0.405941   0.752442   0.468197   0.577224
  0.415842   0.751435   0.470291   0.578515
  0.425743   0.750367   0.472381   0.579775
  0.435644   0.749364   0.474526   0.581086
  0.445545    0.74815   0.476766   0.582395
  0.455446    0.74694   0.479161   0.583809
  0.465347   0.745668   0.481538   0.585179
  0.475248   0.744371   0.484094    0.58666
  0.485149   0.742899    0.48661   0.588043
   0.49505    0.74142   0.489131   0.589413
   0.50495   0.740009   0.491851   0.590935
  0.514851   0.738524   0.494618   0.592449
  0.524752   0.737028   0.497374   0.593937
  0.534653   0.735482    0.50027   0.595491
  0.544554   0.733787   0.503143   0.596961
  0.554455   0.732126   0.506101   0.598485
  0.564356   0.730377   0.509114   0.599997
  0.574257   0.728644   0.512296   0.601611
  0.584158   0.726744   0.515299   0.603023
  0.594059   0.724889   0.518379   0.604483
   0.60396   0.723044   0.521689    0.60608
  0.613861   0.720943   0.524987   0.607555
  0.623762   0.719011   0.528602   0.609276
  0.633663   0.716722   0.532279   0.610882
  0.643564   0.714224   0.535761   0.612253
  0.653465   0.711495     0.5394   0.613609
  0.663366   0.708797   0.543383   0.615165
  0.673267   0.705939   0.547296   0.616576
  0.683168    0.70284    0.55147   0.618021
  0.693069   0.699586   0.555693   0.619392
   0.70297   0.696186   0.560177   0.620819
  0.712871   0.692676   0.565169    0.62246
  0.722772   0.688451   0.570244   0.623797
  0.732673   0.684273   0.575596   0.625247
  0.742574   0.679574   0.581381   0.626654
  0.752475   0.674249   0.587412   0.627842
  0.762376   0.668704   0.594284   0.629302
  0.772277   0.662363   0.601335   0.630376
  0.782178   0.655469   0.608858   0.631304
  0.792079   0.647941   0.616518   0.631839
   0.80198   0.639929   0.625346   0.632554
  0.811881    0.63101   0.634593   0.632797
  0.821782   0.621323    0.64442   0.632661
  0.831683   0.610275   0.655014   0.631853
  0.841584   0.597323   0.666797   0.630151
  0.851485   0.582374   0.679225   0.627082
  0.861386   0.566084    0.69253   0.622955
  0.871287   0.546855    0.70621   0.616399
  0.881188   0.525002    0.72133   0.607703
  0.891089   0.499389   0.736472    0.59519
   0.90099   0.469692   0.752758   0.578452
  0.910891   0.436002   0.768738   0.556421
  0.920792   0.397039    0.78459    0.52726
  0.930693   0.353789    0.80116    0.49083
  0.940594    0.30399   0.817468   0.443176
  0.950495   0.248804   0.834011    0.38327
  0.960396   0.189691   0.851289    0.31025
  0.970297    0.12815   0.864958   0.223227
  0.980198  0.0671753   0.881437   0.124837
  0.990099  0.0186111   0.897561  0.0364661
