         1   0.643564   0.586614   0.618257    0.60202
         2   0.732673   0.430464   0.423913   0.427163
         3   0.821782   0.618035   0.481439   0.541252
         4   0.772277    0.26087   0.269663   0.265193
         5   0.514851   0.535262   0.397849   0.456438
         6    0.70297   0.535088   0.380457   0.444714
         7   0.772277   0.777778   0.687574   0.729899
         8   0.762376   0.456911   0.699005   0.552606
         9   0.722772   0.612434     0.2315   0.335994
        10   0.762376   0.602446   0.380309   0.466272
        11   0.812181   0.739109   0.687557   0.712402
        12   0.712871   0.785507   0.556468   0.651442
        13   0.762076   0.409014   0.416287   0.412619
        14   0.455446   0.693287   0.677602   0.685355
        15   0.792079   0.636651   0.563636   0.597923
        16   0.762376   0.748634   0.845679   0.794203
        17   0.811881   0.786552   0.791925   0.789229
        18   0.851485   0.695238   0.537895   0.606528
        19    0.80198   0.633816   0.668705   0.650794
        20    0.70297   0.243827    0.18287   0.208995
        21   0.712871   0.545614   0.254293   0.346905
        22   0.772277    0.88961   0.944828   0.916388
        23   0.811881   0.752768   0.754159   0.753463
        24    0.70297   0.532526   0.258065   0.347654
        25   0.732673   0.688474   0.686335   0.687403
        26   0.705271   0.658542   0.383911   0.485051
        27   0.722772   0.803306   0.718935   0.758782
        28   0.851485   0.748963   0.861575   0.801332
        29   0.673267   0.523474   0.240431   0.329516
        30   0.778978   0.600299   0.469316   0.526787
        31   0.752475   0.571615   0.440763   0.497732
        32   0.792079   0.293149   0.501691   0.370062
        33   0.682168   0.636186   0.634316   0.635249
        34   0.742574   0.573146   0.506195   0.537594
        35   0.718772   0.300663   0.369688   0.331622
        36   0.831683   0.827068   0.769231   0.797101
        37   0.673267   0.458564   0.249249   0.322957
        38   0.728273   0.423752   0.164518   0.237017
        39   0.752475   0.551188   0.534574   0.542754
        40   0.772277   0.694444   0.542823   0.609343
        41   0.722772   0.510854    0.37957   0.435534
        42   0.534653   0.477848   0.328976   0.389677
        43   0.613861   0.170287   0.227115   0.194638
        44   0.870787   0.600434   0.823679   0.694558
        45   0.643564    0.34728   0.154562   0.213918
        46   0.683168   0.698262   0.643377   0.669697
        47   0.732673   0.375796   0.230019   0.285369
        48    0.80198   0.491597    0.39661   0.439024
        49   0.744074   0.430778   0.225372   0.295925
        50   0.781378   0.391788   0.568399   0.463851
        51   0.821782   0.641429   0.630618   0.635977
        52   0.821782   0.915186   0.874228   0.894238
        53   0.732673   0.918584   0.853618    0.88491
        54   0.722772   0.827214   0.746589   0.784836
        55   0.445545   0.514885    0.20234   0.290513
        56   0.633663   0.369281    0.44664   0.404293
        57   0.732673   0.711911   0.440068   0.543915
        58   0.673267   0.440789   0.544715   0.487273
        59    0.79958   0.382678   0.410726   0.396206
        60   0.821782   0.747984   0.656057   0.699011
        61   0.811881   0.757962    0.82069   0.788079
        62   0.742574   0.599469    0.42803   0.499448
        63   0.683168   0.534224   0.589319    0.56042
        64   0.762076   0.449301   0.579942    0.50633
        65   0.742574   0.697954   0.602285     0.6466
        66   0.821782   0.766254   0.833333   0.798387
        67   0.782178   0.336245   0.378069   0.355932
        68   0.445545   0.671827   0.442857   0.533825
        69   0.712871   0.350407   0.216859   0.267913
        70   0.613861   0.544061   0.469421   0.503993
        71   0.722772   0.766667   0.470668   0.583263
        72   0.809281   0.376536   0.427407   0.400362
        73   0.715272   0.411103   0.411578    0.41134
        74    0.70297   0.709977   0.423237   0.530329
        75   0.643564   0.555172   0.156311   0.243939
        76   0.792079   0.586006   0.681356   0.630094
        77   0.752475   0.615789   0.456585    0.52437
        78   0.811881   0.759259   0.711806   0.734767
        79   0.683168   0.523364   0.363243   0.428845
        80   0.712871   0.527601   0.581967   0.553452
        81   0.683168    0.49734   0.292645   0.368473
        82   0.673267   0.616046   0.412668   0.494253
        83   0.574257   0.734234   0.541528   0.623327
        84   0.732673   0.740558   0.526254    0.61528
        85   0.663366   0.763303   0.596844   0.669887
        86   0.811881   0.350126   0.803468   0.487719
        87   0.747875   0.409757   0.380345   0.394503
        88    0.39604   0.751701   0.307158   0.436112
        89   0.742574   0.511628    0.51312   0.512373
        90    0.80198   0.531306   0.552045   0.541477
        91   0.781178   0.725887   0.698296   0.711824
        92   0.722772    0.79902   0.617424   0.696581
        93   0.673267   0.446266   0.409699   0.427201
        94   0.866987   0.779149   0.763065   0.771023
        95   0.752475   0.523654   0.611429   0.564148
        96   0.693069   0.747475   0.480519    0.58498
        97   0.782178   0.626134   0.607394   0.616622
        98   0.712871   0.435976   0.543726   0.483926
        99   0.792079   0.662768   0.700309   0.681022
       100   0.792079    0.55988   0.621262   0.588976
       101   0.712871   0.443439   0.411765   0.427015
       102   0.792079   0.563504   0.402503   0.469586
       103    0.70297   0.615512   0.338783   0.437024
       104   0.821782    0.36236   0.445596    0.39969
       105   0.722772   0.823529   0.491803   0.615836
       106   0.746775   0.607195   0.589992    0.59847
       107   0.742574   0.703163   0.748705    0.72522
       108   0.732673   0.510776   0.343478   0.410745
       109    0.80248   0.544092    0.52955   0.536722
       110    0.80198   0.475806   0.549689   0.510086
       111   0.762376    0.40198   0.600592   0.481613
       112   0.693069   0.774468   0.689394   0.729459
       113   0.712871   0.613913    0.52608   0.566613
       114   0.782178   0.722864   0.736471   0.729604
       115   0.768877   0.161485    0.12271   0.139452
       116   0.706271    0.58125   0.397634   0.472221
       117   0.739874   0.176688   0.274029   0.214847
       118   0.752475    0.76886   0.735791   0.751962
       119   0.742574   0.537118   0.594203    0.56422
       120   0.752475   0.524272   0.416452   0.464183
       121   0.772277   0.572028   0.477246   0.520356
       122   0.722772   0.717757   0.731429   0.724528
       123   0.811881   0.271889   0.238544   0.254128
       124   0.772277    0.39627   0.480226   0.434227
       125   0.643564   0.686924   0.421469   0.522409
       126   0.811881   0.693878   0.748899   0.720339
       127   0.747975    0.52562    0.49448   0.509575
       128   0.762376   0.570637   0.618619    0.59366
       129    0.80198   0.680851   0.635236   0.657253
       130    0.80198   0.581792   0.705172   0.637568
       131   0.772277    0.83632   0.548589   0.662565
       132   0.732673   0.722488   0.532941   0.613406
       133    0.80198   0.599109   0.503745   0.547304
       134   0.746275   0.667095   0.551134   0.603595
       135   0.782178    0.56017   0.556614   0.558386
       136   0.594059   0.806277   0.463308   0.588468
       137   0.851485   0.585091   0.748201   0.656669
       138   0.712871   0.667081   0.491308   0.565859
       139   0.707771   0.310683    0.39357   0.347249
       140   0.683168   0.738232   0.556228   0.634435
       141   0.771177     0.6833   0.687589   0.685438
       142   0.792079   0.501854   0.503098   0.502475
       143   0.821782   0.656051   0.725352   0.688963
       144   0.732673    0.44183    0.44183    0.44183
       145   0.828183   0.771969   0.757241   0.764534
       146   0.821782   0.424379   0.364341   0.392075
       147   0.415842   0.569277   0.457627   0.507383
       148   0.663366    0.67903   0.455939   0.545559
       149   0.746775   0.623058    0.46669   0.533655
       150   0.712871    0.75895   0.575045   0.654321
       151    0.70297   0.830287   0.597744   0.695082
       152   0.782178    0.51087   0.377727   0.434323
       153   0.787979   0.214569   0.207762   0.211111
       154   0.732673   0.522442   0.533945   0.528131
       155   0.792079   0.511482   0.580569    0.54384
       156   0.732673   0.804178   0.736842   0.769039
       157   0.772877   0.725051   0.671271   0.697125
       158   0.752475   0.625678   0.418886   0.501813
       159   0.772277   0.885507   0.416213   0.566265
       160   0.722772    0.59116   0.558747   0.574497
       161   0.693069   0.640801   0.342934   0.446771
       162   0.673267   0.538995   0.192094   0.283242
       163   0.465347   0.803519   0.178038   0.291489
       164   0.752475    0.55122   0.889764   0.680723
       165   0.752475      0.376   0.296998   0.331862
       166   0.762376   0.646884   0.438191   0.522469
       167    0.49505    0.48913   0.135135   0.211765
       168   0.762376   0.549004   0.524353   0.536395
       169   0.693069   0.397436   0.170122   0.238258
       170   0.613861   0.623352   0.377423    0.47017
       171   0.584158   0.650943   0.461538   0.540117
       172   0.742574   0.443262   0.480769   0.461255
       173   0.831683   0.535948   0.575439   0.554992
       174   0.524752   0.481894   0.259955   0.337726
       175   0.742574   0.613039    0.52381   0.564922
       176   0.707771   0.595278   0.529073   0.560226
       177   0.732673   0.455947   0.529412   0.489941
       178   0.821782   0.692308   0.767773    0.72809
       179   0.876788   0.611111   0.638929   0.624711
       180   0.762376   0.763359   0.702371   0.731596
       181   0.643564   0.733813   0.497561   0.593023
       182   0.663366   0.794362   0.698251   0.743212
       183   0.712871    0.53211   0.516704   0.524294
       184   0.712871       0.44   0.386486   0.411511
       185   0.826283   0.849982   0.727056   0.783728
       186   0.743574   0.364656    0.39549   0.379448
       187    0.70297   0.696512   0.795485   0.742715
       188   0.769377   0.634254   0.513043   0.567246
       189   0.683168   0.453863   0.368146   0.406535
       190   0.782178   0.657426   0.680328   0.668681
       191   0.762376   0.697108   0.524027   0.598302
       192   0.722772    0.79292   0.656891   0.718524
       193   0.742574    0.43026   0.414579   0.422274
       194   0.821782   0.732632   0.689109   0.710204
       195   0.762376   0.320611   0.626866   0.424242
       196   0.852785   0.308831   0.524081   0.388643
       197   0.653465   0.518405   0.305606   0.384528
       198   0.485149   0.825613   0.721429   0.770013
       199   0.855886   0.618607   0.656993   0.637223
       200   0.693069   0.452675   0.294511   0.356853
       201   0.732673   0.527835   0.419672    0.46758
       202   0.871287   0.610008   0.657534    0.63288
       203   0.683168   0.748792   0.771144   0.759804
       204   0.772277   0.855519   0.738095   0.792481
       205   0.623762   0.434555   0.628788   0.513932
       206   0.712871   0.713978   0.604736   0.654832
       207   0.772277   0.492433   0.348435   0.408104
       208   0.742574   0.631868   0.686567   0.658083
       209   0.871287   0.692385   0.756846   0.723182
       210   0.653465   0.721932   0.475494   0.573354
       211   0.732673   0.470405   0.431429   0.450075
       212    0.60396    0.45858    0.36385   0.405759
       213   0.485149   0.709589   0.250847   0.370662
       214   0.732673   0.660598    0.64467   0.652537
       215   0.673267   0.740047   0.429932    0.54389
       216   0.841584    0.75656   0.846656   0.799076
       217   0.732673   0.561776   0.320485   0.408135
       218   0.732673   0.463035   0.536036   0.496868
       219   0.772277   0.501002   0.457038   0.478011
       220   0.613861   0.578158    0.27163    0.36961
       221   0.732673   0.754135   0.525346   0.619285
       222   0.683168   0.670886   0.334234   0.446182
       223   0.762376   0.276762   0.464912   0.346972
       224    0.80198   0.601259   0.598121   0.599686
       225   0.841584   0.727569   0.742097   0.734761
       226   0.841584   0.595865   0.747642    0.66318
       227   0.841584   0.606684   0.636119   0.621053
       228    0.29703    0.71619   0.511565   0.596825
       229   0.767177    0.60551   0.582355   0.593707
       230   0.841584   0.784314   0.578313   0.665742
       231   0.752475   0.651471   0.441675   0.526441
       232   0.267327   0.729463   0.235669   0.356245
       233   0.792079   0.751938   0.812849   0.781208
       234   0.732673   0.403614   0.273469   0.326034
       235   0.851485   0.775895    0.70068   0.736372
       236   0.817282   0.481902   0.346092   0.402859
       237   0.247625   0.445946   0.326733   0.377143
       238   0.782178   0.827238   0.717724     0.7686
       239   0.762376    0.62395   0.465517   0.533214
       240   0.762376   0.614458   0.563091   0.587654
       241   0.831683   0.616352   0.568116   0.591252
       242   0.524752   0.661088   0.315684   0.427316
       243   0.772277   0.280728   0.465995   0.350379
       244   0.742574    0.83188   0.672032   0.743461
       245   0.752475   0.689655   0.560132   0.618182
       246    0.69757   0.502265   0.466404    0.48367
       247   0.811881   0.587444   0.695575   0.636953
       248   0.633663    0.50289   0.214815   0.301038
       249   0.663366   0.517903   0.169954   0.255924
       250    0.70297   0.834034   0.454233   0.588148
       251   0.642764   0.142978   0.127014   0.134524
       252   0.762376   0.442975   0.387844    0.41358
       253   0.752475   0.485549     0.5625     0.5212
       254   0.731973   0.323762   0.252005   0.283412
       255   0.782178   0.574538   0.676056   0.621176
       256   0.811881   0.723794   0.710784    0.71723
       257   0.683168   0.322704   0.191522    0.24038
       258   0.792079   0.472885   0.362729   0.410546
       259   0.633663   0.444056   0.461818   0.452763
       260   0.722772   0.850129   0.749431    0.79661
       261   0.817382   0.686322    0.60033   0.640452
       262    0.70297    0.75321   0.736402   0.744711
       263   0.821782   0.723364   0.717996    0.72067
       264    0.80198   0.593291   0.420505   0.492174
       265   0.735874   0.606167   0.400609   0.482403
       266   0.772277   0.661017   0.715596   0.687225
       267   0.821782   0.845092    0.88443   0.864314
       268   0.712871   0.563725    0.49676   0.528129
       269   0.821782    0.60841   0.695195   0.648914
       270   0.584158   0.555102   0.394203   0.461017
       271   0.693069   0.643805   0.459716   0.536406
       272   0.722772   0.268427   0.251806   0.259851
       273   0.732673   0.472252   0.461702   0.466918
       274    0.80198    0.35131   0.584615   0.438884
       275   0.841584   0.753086    0.94027   0.836332
       276   0.683168   0.205128   0.296296   0.242424
       277   0.653465    0.40556   0.208228   0.275173
       278   0.831683   0.339667   0.338863   0.339265
       279   0.584158   0.651394   0.268473   0.380233
       280   0.733373   0.428274    0.41159   0.419766
       281   0.811881   0.684211   0.539419   0.603248
       282   0.712871   0.573991   0.580938   0.577444
       283   0.752475   0.567273   0.574233   0.570732
       284   0.673267   0.663223   0.614943   0.638171
       285   0.861386   0.609184   0.754741   0.674195
       286   0.742574   0.475442    0.39478   0.431373
       287   0.712871   0.517483   0.331839   0.404372
       288   0.683168   0.860714   0.690544   0.766296
       289   0.782178   0.855244    0.69759   0.768414
       290   0.742574   0.352597   0.186967    0.24436
       291   0.742574   0.829897   0.679325     0.7471
       292   0.871287    0.79932   0.773026   0.785953
       293   0.574257   0.636719   0.510972   0.566957
       294   0.782178   0.667377   0.808786   0.731308
       295   0.750375   0.502076   0.494342   0.498179
       296   0.788679    0.42245   0.442172   0.432086
       297   0.752475   0.751468   0.526027   0.618856
       298   0.772277   0.719697   0.832117   0.771835
       299   0.693069   0.769006   0.362759   0.492971
       300   0.742574   0.561181   0.401408   0.468035
       301   0.724072   0.594586   0.662349   0.626641
       302   0.821782   0.753968   0.827887     0.7892
       303   0.772277   0.581749   0.503842       0.54
       304   0.752475   0.584362   0.577236   0.580777
       305   0.822882   0.588007   0.597654   0.592791
       306   0.766877   0.507413   0.744198   0.603407
       307   0.732673   0.430161   0.446154   0.438011
       308   0.653465   0.601235   0.427568   0.499743
       309   0.326733   0.817365   0.620455   0.705426
       310   0.623762   0.491833   0.198099   0.282439
       311   0.831683   0.711905   0.771613   0.740557
       312   0.544554   0.421147   0.159106   0.230958
       313   0.762376   0.347072   0.362401   0.354571
       314   0.762376   0.541176   0.595855   0.567201
       315   0.485149    0.35206    0.43318    0.38843
       316   0.683168   0.302395   0.359431   0.328455
       317   0.792079   0.261789   0.323293   0.289308
       318   0.752475   0.594872   0.672464   0.631293
       319   0.732673   0.531073   0.386831   0.447619
       320   0.772277   0.961407   0.969108   0.965242
       321   0.752475   0.790551   0.808374   0.799363
       322    0.70297       0.65   0.473301   0.547753
       323   0.683168   0.502555   0.331275   0.399323
       324   0.811881   0.554196   0.625247   0.587581
       325    0.80198   0.470645   0.644269   0.543938
       326   0.833383   0.656943   0.638721   0.647703
       327   0.693069    0.65906   0.527957   0.586269
       328    0.19802   0.753086   0.619289   0.679666
       329   0.722772   0.792507   0.554435   0.652432
       330   0.732673   0.451014   0.313013    0.36955
       331   0.772277   0.726631   0.727915   0.727273
       332   0.762376   0.483607   0.438662   0.460039
       333   0.811881   0.600758   0.343569   0.437141
       334   0.742574   0.668281   0.300326   0.414414
       335   0.683168   0.372807   0.311355   0.339321
       336   0.633663   0.435374   0.273894   0.336252
       337   0.712871   0.616766   0.471756   0.534602
       338   0.772277   0.420168   0.371747   0.394477
       339   0.752475   0.673884    0.62406   0.648016
       340    0.90099   0.647059   0.611111   0.628571
       341   0.762376   0.619355   0.511545   0.560311
       342   0.693069   0.624776   0.488764   0.548463
       343   0.623762   0.610487    0.57193    0.59058
       344   0.782178   0.765728   0.539044   0.632695
       345   0.772277   0.704762   0.714976   0.709832
       346   0.633663   0.534759   0.469484        0.5
       347   0.772277   0.411765   0.244541   0.306849
       348   0.772277   0.661392   0.706081   0.683007
       349   0.813681   0.280735   0.400037   0.329932
       350   0.782178    0.61245   0.499182   0.550045
       351   0.772277   0.902873   0.741573   0.814312
       352   0.683168   0.501385   0.418014   0.455919
       353    0.70297   0.452137    0.19132   0.268869
       354   0.287129    0.68797   0.535088   0.601974
       355    0.70297   0.610294   0.783019    0.68595
       356   0.683168   0.733102   0.436082   0.546865
       357    0.80198   0.565287   0.600677   0.582445
       358   0.783078   0.373229   0.223772   0.279793
       359   0.821782   0.680498   0.570435   0.620624
       360   0.782178    0.51312   0.571429   0.540707
       361   0.752475    0.74571   0.631023    0.68359
       362   0.772277   0.465598   0.531755   0.496482
       363   0.633663   0.582692   0.391473   0.468315
       364   0.554455    0.63871   0.481752   0.549237
       365   0.792079   0.629032   0.792188   0.701245
       366   0.811881   0.431818   0.501199   0.463929
       367   0.861386   0.800604   0.839937   0.819799
       368    0.80198     0.7119   0.581911   0.640376
       369   0.732673   0.472112    0.41652   0.442577
       370   0.554455   0.667178    0.15497   0.251518
       371    0.70297   0.490909        0.4   0.440816
       372   0.683168   0.702059   0.644135   0.671851
       373   0.633663   0.356347   0.219479   0.271647
       374   0.757276    0.52767    0.63864   0.577876
       375   0.682768   0.299883   0.616132   0.403416
       376   0.643564   0.683983   0.503185   0.579817
       377    0.79878   0.459878     0.6555   0.540534
       378   0.782178   0.625551   0.604255   0.614719
       379   0.663366   0.560197   0.271752   0.365971
       380   0.782178   0.508197   0.722798   0.596791
       381   0.784378   0.522557   0.393479   0.448924
       382   0.732673   0.635616   0.410619   0.498925
       383   0.782178   0.747497   0.612022    0.67301
       384    0.80198    0.52973   0.516469   0.523015
       385   0.742574   0.586288   0.464419   0.518286
       386   0.841584    0.52972   0.626033   0.573864
       387   0.731073    0.16813   0.122537   0.141757
       388   0.821782   0.591445   0.518758   0.552722
       389   0.821782   0.372654   0.511029   0.431008
       390   0.744574   0.692452   0.296768   0.415474
       391   0.742574   0.876061    0.80625   0.839707
       392   0.633663   0.444853    0.79085   0.569412
       393   0.821782   0.621951      0.816   0.705882
       394   0.683168   0.755162   0.670157   0.710125
       395   0.673267   0.608696   0.228407    0.33217
       396   0.726073    0.60119   0.466638   0.525437
       397   0.524752   0.737132   0.350831     0.4754
       398   0.643564   0.464789   0.274428   0.345098
       399   0.633663   0.530782   0.244444   0.334732
       400   0.821782   0.537374   0.696335   0.606613
       401   0.831683   0.504762   0.546392   0.524752
       402   0.841584   0.639416   0.470968   0.542415
       403   0.663366   0.547511   0.295844   0.384127
       404    0.80198   0.415484   0.594096    0.48899
       405   0.633663   0.510557   0.368421   0.427997
       406   0.306931   0.471125   0.405759   0.436006
       407   0.742574   0.140496  0.0821256   0.103659
       408   0.722772   0.623318   0.458746   0.528517
       409    0.70297   0.574074   0.270192   0.367444
       410   0.624962   0.258437   0.213033   0.233549
       411   0.783578    0.42692   0.614064    0.50367
       412   0.663366   0.481818   0.688312   0.566845
       413   0.772277   0.547408   0.515476   0.530963
       414   0.792079   0.434286   0.592824   0.501319
       415   0.653465   0.643225   0.289352   0.399148
       416    0.79888   0.624319   0.766819    0.68827
       417   0.782178    0.62379   0.659357    0.64108
       418   0.865687   0.692022   0.758409   0.723696
       419   0.783478   0.407835   0.343189    0.37273
       420   0.762376   0.749077   0.738182    0.74359
       421   0.663366   0.622423   0.282126   0.388264
       422   0.811881   0.701031   0.596491    0.64455
       423   0.712871   0.442446   0.172996   0.248736
       424   0.746475   0.732563   0.513514   0.603785
       425   0.835884   0.598321   0.636309   0.616731
       426   0.747975   0.676768   0.659862   0.668208
       427   0.683168   0.535135   0.334008     0.4113
       428   0.722772   0.712018   0.521595   0.602109
       429   0.841584   0.570652    0.65762   0.611057
       430   0.841584   0.797511   0.726804   0.760518
       431   0.732673   0.513359   0.279335   0.361802
       432   0.752475   0.706199   0.572052   0.632087
       433   0.772277    0.65814   0.543186   0.595163
       434   0.811881   0.323636    0.35743   0.339695
       435   0.772277   0.654605   0.434814   0.522538
       436   0.485149   0.665468   0.719844   0.691589
       437   0.841584   0.640751   0.796667   0.710253
       438   0.762376   0.697133   0.489308   0.575018
       439    0.90099   0.571429   0.585366   0.578313
       440   0.693069   0.678414   0.531646   0.596129
       441   0.712871   0.424084    0.34322   0.379391
       442   0.792079    0.59081   0.681818    0.63306
       443   0.772277   0.526227   0.496013   0.510673
       444   0.653465   0.490534   0.459677   0.474604
       445   0.831683   0.793802   0.690155   0.738359
       446   0.831683        0.7   0.792453   0.743363
       447   0.762376   0.507881   0.480929   0.494037
       448   0.826383   0.674455   0.757036   0.713364
       449   0.752475    0.59854   0.498986   0.544248
       450   0.851485   0.732532   0.641026   0.683731
       451   0.772277   0.622318   0.503472   0.556622
       452   0.822682   0.675562   0.515927   0.585051
       453   0.762376   0.700906   0.642659    0.67052
       454   0.742574   0.536923    0.58459   0.559743
       455   0.772277   0.759006   0.774398   0.766625
       456   0.811881   0.541073   0.518908   0.529759
       457   0.683168   0.710744   0.614286   0.659004
       458   0.752475   0.772334    0.61374   0.683964
       459   0.712871       0.64   0.423676   0.509841
       460   0.742574   0.813199   0.770127   0.791077
       461   0.772277   0.343195   0.391892   0.365931
       462   0.792079   0.503268   0.291943   0.369526
       463    0.80198   0.323899   0.295129   0.308846
       464   0.475248   0.737569   0.341432   0.466783
       465   0.777378   0.717118   0.573536   0.637341
       466   0.821782   0.692308   0.456274   0.550038
       467   0.871287   0.747653   0.773998   0.760597
       468   0.762176   0.640008   0.641134    0.64057
       469   0.811881   0.399723   0.513321   0.449456
       470    0.70297   0.782609    0.44582   0.568047
       471   0.715372   0.328781   0.226305   0.268084
       472   0.673267      0.375   0.222384   0.279197
       473   0.683168   0.753943   0.783607   0.768489
       474   0.656066   0.461095   0.362867   0.406126
       475   0.722772     0.5904   0.619128   0.604423
       476   0.415842   0.708791   0.712707   0.710744
       477   0.815382   0.319614   0.602322   0.417623
       478   0.712871   0.697324   0.618694    0.65566
       479   0.683168     0.6121   0.704197   0.654926
       480   0.782178   0.487021   0.531714   0.508387
       481   0.792079   0.589588   0.640789   0.614124
       482    0.79588   0.412657    0.56592   0.477286
       483   0.771977   0.416937   0.542927   0.471663
       484   0.891089   0.789944   0.659515   0.718861
       485   0.772277   0.524631   0.206796   0.296657
       486   0.756776   0.533833   0.506419   0.519765
       487   0.792079    0.66129   0.635112   0.647937
       488   0.732673   0.433437   0.630631   0.513761
       489   0.752475   0.953445   0.775758   0.855472
       490    0.70127   0.557358   0.630962    0.59188
       491   0.792079   0.655709   0.444314     0.5297
       492   0.217822   0.692661   0.454819   0.549091
       493   0.663366   0.704167   0.389401   0.501484
       494    0.70297   0.326415   0.498559   0.394527
       495   0.722772   0.514056   0.300823    0.37954
       496   0.811881   0.482063      0.625   0.544304
       497   0.782178   0.495215   0.584746   0.536269
       498    0.80198   0.524771   0.428786   0.471947
       499   0.594059   0.404412   0.541872   0.463158
       500   0.762376   0.746177   0.504132   0.601726
       501   0.722772   0.755782   0.678266   0.714929
       502   0.623762   0.604762   0.343243   0.437931
       503   0.782178    0.79059   0.735622   0.762116
       504   0.762376   0.883022   0.773665   0.824734
       505   0.207921   0.332061   0.199541   0.249284
       506   0.817482    0.45808   0.585026   0.513829
       507   0.742574   0.602273   0.530758   0.564259
       508   0.732673   0.588496   0.493201   0.536651
       509   0.782178   0.423823   0.523973   0.468606
       510   0.732673   0.481959   0.188984   0.271506
       511   0.544554   0.795567   0.511886   0.622951
       512   0.712871   0.339527    0.25443   0.290883
       513   0.752475   0.859173   0.667671   0.751412
       514   0.485149   0.737013   0.734628   0.735818
       515    0.60396   0.541176   0.627273   0.581053
       516    0.80198   0.587684   0.624467   0.605517
       517    0.70297   0.368601   0.461538   0.409867
       518   0.821782   0.599558   0.631702    0.61521
       519   0.811881   0.642127    0.68559   0.663147
       520   0.811881   0.483568   0.673203   0.562842
       521   0.544554   0.679245   0.576659   0.623762
       522   0.722772   0.660194   0.454343   0.538259
       523   0.772277   0.296489   0.318881   0.307278
       524   0.752475   0.584071   0.418384   0.487535
       525   0.811881   0.688266   0.689474   0.688869
       526   0.792079   0.514587   0.596244   0.552414
       527   0.812881   0.554699   0.610944   0.581465
       528   0.683168   0.879442   0.878327   0.878884
       529   0.851485   0.681055   0.876543   0.766532
       530   0.772277    0.21224   0.421189   0.282251
       531   0.732673   0.434629   0.585714   0.498986
       532    0.70177   0.248251   0.351225   0.290894
       533   0.772277   0.514523   0.385992   0.441085
       534   0.742574   0.548718   0.255573   0.348724
       535   0.792079   0.684502   0.601297   0.640207
       536   0.777578   0.224637   0.309636   0.260375
       537   0.752475   0.309426   0.432665   0.360812
       538    0.80198   0.711712   0.864964    0.78089
       539   0.811881    0.59115   0.734066   0.654902
       540   0.772677   0.440744   0.462841   0.451522
       541   0.752975   0.469185    0.69053   0.558735
       542   0.475248   0.716895   0.630522    0.67094
       543   0.742574   0.764605   0.782762   0.773577
       544   0.772277   0.736721   0.729977   0.733333
       545   0.534653   0.709677   0.452276   0.552466
       546    0.80198   0.342908   0.445221   0.387424
       547   0.760676   0.598846   0.426407   0.498125
       548   0.772277   0.686298   0.614639   0.648495
       549   0.741674   0.842605   0.655547   0.737398
       550   0.861386   0.540171   0.575592   0.557319
       551   0.828183   0.602739   0.624806   0.613574
       552   0.594059    0.71345    0.38125   0.496945
       553    0.80198       0.26   0.211726   0.233393
       554   0.732673   0.733533   0.561927   0.636364
       555    0.70297   0.480129   0.430221   0.453807
       556   0.742574   0.489501   0.679417   0.569031
       557   0.831683   0.729443   0.748299   0.738751
       558   0.712871   0.601351   0.634581    0.61752
       559   0.712871   0.584175   0.625225   0.604003
       560   0.828183   0.613798   0.558815   0.585017
       561   0.782178   0.529279   0.437616   0.479103
       562   0.673267   0.524752   0.181922   0.270178
       563   0.643564   0.600277   0.258333   0.361215
       564   0.731073   0.394113   0.476461   0.431392
       565   0.792079    0.63512   0.702396   0.667066
       566   0.683168   0.379205   0.522105   0.439327
       567   0.722772   0.575377   0.362342    0.44466
       568   0.706571   0.583316    0.38293   0.462344
       569   0.742574   0.654362    0.43771   0.524546
       570   0.306931   0.613079   0.368249   0.460123
       571   0.712871   0.314381    0.27566    0.29375
       572   0.742574    0.69685   0.701685   0.699259
       573   0.792079   0.732657   0.579652   0.647235
       574   0.766677   0.362553   0.431018   0.393832
       575   0.722772   0.620469   0.455399   0.525271
       576   0.316832   0.588164   0.110456   0.185984
       577   0.693069   0.151976   0.179211   0.164474
       578    0.80198       0.75   0.778533      0.764
       579    0.70297   0.488276   0.669187   0.564593
       580   0.742574   0.286481    0.69171   0.405159
       581   0.623762   0.536432   0.115655   0.190285
       582   0.831683   0.642667   0.635884   0.639257
       583   0.821782   0.703333   0.586926   0.639879
       584   0.782178   0.713978   0.593918   0.648438
       585   0.782178   0.768692   0.491045   0.599271
       586    0.60396   0.447761   0.180316   0.257097
       587    0.80198   0.466418   0.364431   0.409165
       588   0.693069   0.569519   0.289796    0.38413
       589   0.762376   0.808426   0.774562   0.791132
       590   0.772277   0.404224   0.463272   0.431739
       591   0.762376   0.883469   0.934097   0.908078
       592   0.732673   0.806159   0.548705   0.652971
       593   0.693069    0.27439   0.333333   0.301003
       594   0.683168   0.501887   0.182609   0.267785
       595   0.683168   0.637383   0.373085   0.470669
       596   0.772277   0.494325   0.559201   0.524766
       597   0.712871     0.5563   0.620329   0.586572
       598   0.782178    0.72198   0.542077   0.619226
       599   0.532253   0.600506   0.327025   0.423448
       600   0.693069   0.811798    0.60334   0.692216
       601   0.726273   0.345903   0.355304   0.350541
       602   0.851485   0.275974   0.427136   0.335306
       603   0.782178   0.208546   0.362682   0.264819
       604   0.742574   0.679646   0.679646   0.679646
       605    0.80198   0.708861   0.598131   0.648805
       606    0.70297   0.545031   0.577303   0.560703
       607   0.752475   0.461832   0.537778    0.49692
       608   0.851485   0.710526   0.901001   0.794507
       609   0.792079   0.648718   0.571106   0.607443
       610   0.792079   0.645556   0.676368   0.660603
       611   0.658966   0.195306   0.284344   0.231561
       612   0.683168   0.760148   0.439701   0.557133
       613   0.787779    0.59878   0.677824   0.635855
       614    0.70297   0.627566   0.710963   0.666667
       615   0.851485   0.574074   0.698498   0.630203
       616   0.846985   0.663417   0.539101   0.594833
       617   0.777178    0.47713   0.324517   0.386297
       618   0.792079   0.340984   0.159877   0.217687
       619   0.683168   0.665254   0.434502    0.52567
       620   0.811881   0.590278   0.590278   0.590278
       621    0.80198   0.299544    0.48524   0.370423
       622   0.871287   0.606464    0.63992   0.622743
       623   0.039604       0.64    0.41791   0.505643
       624   0.881188   0.668288   0.731629   0.698526
       625   0.792079   0.783198   0.504363   0.613588
       626   0.811881   0.765677   0.639118   0.696697
       627   0.752475   0.768571   0.609287   0.679722
       628   0.831683   0.416858   0.383099   0.399266
       629   0.693069    0.66405   0.457792    0.54196
       630   0.683168   0.698529   0.302789   0.422457
       631   0.644264    0.49592   0.249238   0.331747
       632   0.712871   0.462687   0.381432   0.418148
       633    0.70297    0.32716   0.533557   0.405612
       634   0.712871   0.639586   0.745267   0.688394
       635   0.830283   0.546779    0.62362   0.582677
       636   0.772277   0.462901        0.3   0.364058
       637   0.722772   0.488636   0.435223   0.460385
       638   0.841584    0.42735   0.598086   0.498504
       639   0.756976   0.575905   0.623134   0.598589
       640   0.772277   0.516883   0.621875   0.564539
       641   0.746575   0.359417   0.195007   0.252835
       642   0.633663     0.4775   0.361742   0.411638
       643   0.792079    0.60231   0.511204    0.55303
       644   0.782178   0.527233    0.38535   0.445262
       645   0.594059   0.588785   0.318584   0.413454
       646   0.811881   0.721612   0.802444   0.759884
       647   0.683168    0.59144   0.343891   0.434907
       648   0.767577   0.184129   0.181436   0.182773
       649   0.782178   0.803184   0.802023   0.802603
       650   0.831683   0.337341   0.532961   0.413166
       651   0.821782   0.277311   0.409938   0.330827
       652   0.893289   0.671703   0.570289   0.616856
       653   0.742574   0.359621    0.48203   0.411924
       654   0.782178   0.320463   0.461111   0.378132
       655   0.772277   0.567944   0.629344    0.59707
       656   0.415842   0.585761   0.364185   0.449132
       657   0.693069   0.613497    0.27027   0.375235
       658   0.718972   0.535501   0.409422    0.46405
       659   0.732673   0.535664   0.489144   0.511348
       660   0.663366   0.635838   0.658683   0.647059
       661    0.70297   0.530303   0.448718   0.486111
       662   0.861386   0.589147   0.566319   0.577508
       663   0.742574   0.472527   0.412141   0.440273
       664   0.831683    0.50565   0.581169   0.540785
       665    0.80198    0.63593   0.821355   0.716846
       666    0.80198    0.61488   0.603004   0.608884
       667   0.693069   0.788235   0.417706   0.546047
       668   0.732073   0.576054    0.51643   0.544615
       669   0.841584   0.412338   0.388974   0.400315
       670   0.759476    0.73687   0.549164   0.629319
       671    0.70297   0.452012   0.442424   0.447167
       672   0.465347   0.828125   0.723549   0.772313
       673    0.80198      0.758   0.761044   0.759519
       674   0.742574   0.370158   0.531959   0.436548
       675   0.811881   0.780488   0.603774   0.680851
       676    0.70297   0.640777   0.532258   0.581498
       677   0.643564   0.705323   0.506139   0.589357
       678   0.687469   0.756483   0.583005    0.65851
       679   0.735774   0.438645     0.3631   0.397313
       680   0.534653   0.567347   0.203812   0.299892
       681    0.70377   0.550838   0.440592   0.489586
       682   0.762376   0.549575   0.409283   0.469166
       683   0.772277   0.291883   0.632959   0.399527
       684   0.714071   0.440056   0.476199   0.457415
       685   0.435644   0.621118   0.578035   0.598802
       686   0.683168   0.298701   0.150327        0.2
       687   0.808781   0.591309   0.565714   0.578228
       688   0.822882   0.401137    0.53549   0.458678
       689   0.613861   0.589577   0.427896    0.49589
       690   0.841584   0.650485   0.520533   0.578298
       691   0.663366   0.480952   0.399604   0.436521
       692   0.712871   0.724739   0.391714   0.508557
       693   0.765377   0.686011   0.486797   0.569485
       694   0.673267   0.499171    0.35876   0.417476
       695   0.752475   0.589831   0.578073   0.583893
       696   0.435644   0.619697   0.236416   0.342259
       697   0.717672   0.672478   0.686748   0.679538
       698   0.675568   0.553733   0.670837   0.606686
       699   0.859386   0.341822   0.496213   0.404796
       700   0.762376   0.803089   0.825397    0.81409
       701   0.722772   0.520249   0.275124   0.359914
       702    0.70297   0.472007   0.556911   0.510956
       703   0.772277    0.50446   0.619976   0.556284
       704   0.376238      0.375   0.151858   0.216175
       705   0.108911   0.711246   0.196144    0.30749
       706   0.762376    0.57672   0.570681   0.573684
       707   0.752475   0.744604   0.528061    0.61791
       708   0.742574   0.563969   0.446281    0.49827
       709   0.792079   0.379025   0.453245   0.412826
       710   0.752475   0.703146   0.521298   0.598719
       711   0.712871   0.497409    0.16657   0.249567
       712   0.841584   0.317397    0.33011   0.323629
       713   0.861386   0.760575   0.756734    0.75865
       714   0.772277   0.677108   0.568826   0.618262
       715   0.762376   0.775081   0.637816   0.699781
       716   0.782178   0.513216    0.62973   0.565534
       717   0.752475   0.606742    0.50625   0.551959
       718   0.712871   0.582969   0.387856   0.465806
       719   0.772277   0.618182   0.661479   0.639098
       720   0.691169   0.257683   0.282736   0.269629
       721   0.673267   0.881686   0.839506   0.860079
       722   0.782178    0.38835   0.354767     0.3708
       723   0.673267   0.577157   0.339286    0.42735
       724   0.821782   0.649635   0.649635   0.649635
       725   0.722772   0.718882   0.487931   0.581308
       726   0.653465   0.767956   0.645012   0.701135
       727   0.782178   0.729365   0.788841   0.757938
       728   0.782178   0.752887   0.701075   0.726058
       729   0.405941    0.69606   0.351659   0.467254
       730    0.80198   0.642773   0.469528   0.542659
       731   0.811881   0.820809   0.730077   0.772789
       732   0.643564   0.875274   0.888889   0.882029
       733   0.742574   0.442963   0.573896        0.5
       734   0.831683   0.620178   0.685246    0.65109
       735    0.80198    0.71286   0.466618   0.564035
       736    0.80198   0.772904   0.620501   0.688368
       737   0.594059   0.643312   0.551913   0.594118
       738   0.768477   0.430418   0.488982   0.457835
       739   0.742574   0.486041   0.306155   0.375674
       740   0.742574   0.534153   0.402678    0.45919
       741   0.643564   0.852336   0.786207   0.817937
       742    0.19802   0.843943    0.47079   0.604412
       743   0.752475   0.742981   0.579125   0.650899
       744   0.782178   0.558559   0.522105   0.539717
       745   0.736174   0.441832   0.330884   0.378393
