0.00990099   0.892693   0.126072   0.220941
  0.019802   0.891866   0.128986   0.225377
  0.029703     0.8912   0.131017   0.228449
  0.039604   0.890576   0.132684   0.230958
  0.049505    0.88993   0.134124   0.233115
 0.0594059    0.88948   0.135419   0.235052
 0.0693069   0.888985   0.136648   0.236884
 0.0792079   0.888486   0.137788   0.238577
 0.0891089   0.887838   0.138869   0.240173
 0.0990099   0.887288   0.139945    0.24176
  0.108911   0.886636   0.140979   0.243276
  0.118812   0.885987   0.141962   0.244714
  0.128713   0.885211   0.142929   0.246118
  0.138614   0.884398   0.143868   0.247477
  0.148515   0.883681   0.144813   0.248847
  0.158416   0.882871    0.14573   0.250166
  0.168317   0.882179   0.146686   0.251546
  0.178218    0.88139    0.14762   0.252886
  0.188119   0.880666   0.148587   0.254273
   0.19802   0.879955   0.149541   0.255638
  0.207921     0.8792   0.150519   0.257033
  0.217822   0.878386   0.151503   0.258432
  0.227723   0.877579   0.152508   0.259857
  0.237624   0.876721   0.153495    0.26125
  0.247525   0.875811   0.154511   0.262679
  0.257426   0.874929   0.155546   0.264134
  0.267327   0.874055   0.156622   0.265643
  0.277228   0.872995    0.15767   0.267099
  0.287129   0.871912   0.158785   0.268646
   0.29703   0.870911   0.159949   0.270263
  0.306931   0.869771   0.161107   0.271858
  0.316832   0.868571   0.162284   0.273473
  0.326733   0.867329   0.163485   0.275113
  0.336634   0.866054   0.164762   0.276854
  0.346535   0.864632   0.166061   0.278612
  0.356436   0.863032    0.16737   0.280367
  0.366337   0.861647   0.168781   0.282271
  0.376238   0.860191   0.170252   0.284245
  0.386139   0.858528   0.171772   0.286269
   0.39604   0.856758   0.173337   0.288338
  0.405941   0.854999   0.175027   0.290571
  0.415842    0.85303   0.176727   0.292794
  0.425743   0.850986   0.178542   0.295158
  0.435644   0.848803   0.180461   0.297641
  0.445545   0.846336   0.182454   0.300193
  0.455446   0.843958   0.184597   0.302934
  0.465347    0.84144   0.186886   0.305843
  0.475248   0.838751   0.189318    0.30891
  0.485149   0.835771   0.191922   0.312161
   0.49505   0.832485    0.19464   0.315511
   0.50495     0.8291   0.197626   0.319174
  0.514851   0.825525   0.200895   0.323151
  0.524752   0.821518   0.204305    0.32723
  0.534653   0.817324   0.208019   0.331633
  0.544554   0.812475   0.212094   0.336378
  0.554455   0.807364   0.216538   0.341487
  0.564356   0.801662   0.221355   0.346919
  0.574257   0.795457   0.226663   0.352798
  0.584158   0.788888   0.232568   0.359233
  0.594059   0.781805   0.238962   0.366041
   0.60396   0.774104   0.245966   0.373314
  0.613861   0.765671   0.253556   0.380956
  0.623762   0.756826    0.26185   0.389083
  0.633663   0.747204   0.270989   0.397732
  0.643564   0.736161   0.280701   0.406429
  0.653465   0.724413    0.29138   0.415596
  0.663366   0.711412   0.302601   0.424598
  0.673267   0.697373   0.314518   0.433518
  0.683168    0.68254   0.327361   0.442493
  0.693069   0.666823   0.341532   0.451709
   0.70297   0.650613   0.357207     0.4612
  0.712871   0.632611   0.373151   0.469414
  0.722772   0.612615    0.39021    0.47675
  0.732673    0.59175   0.408599   0.483408
  0.742574   0.569993   0.429012   0.489555
  0.752475   0.546878   0.450567   0.494073
  0.762376    0.52254   0.472856   0.496458
  0.772277   0.497068   0.496329   0.496698
  0.782178   0.469605   0.519435   0.493264
  0.792079   0.441431   0.543414   0.487142
   0.80198   0.411988   0.568566   0.477775
  0.811881   0.382866   0.594886   0.465889
  0.821782   0.352181   0.620733   0.449393
  0.831683   0.321484   0.648369   0.429839
  0.841584   0.290467    0.67458    0.40608
  0.851485   0.259208   0.700909   0.378457
  0.861386   0.228851   0.727275    0.34815
  0.871287   0.199692   0.753202   0.315687
  0.881188    0.17177   0.779319   0.281495
  0.891089   0.144599   0.803442   0.245088
   0.90099   0.118375   0.825704   0.207065
  0.910891  0.0943526   0.843956    0.16973
  0.920792  0.0724601   0.862329   0.133687
  0.930693  0.0536882   0.880779   0.101207
  0.940594  0.0367061   0.892123   0.070511
  0.950495  0.0231893   0.903702  0.0452184
  0.960396   0.012571   0.926844  0.0248056
  0.970297 0.00531445   0.938013   0.010569
  0.980198 0.00144285   0.951185 0.00288134
  0.990099 0.000141747   0.971014 0.000283452
