         1    0.90099   0.444882   0.431298   0.437984
         2    0.90099   0.437683   0.203754   0.278062
         3   0.881188   0.380435  0.0528701  0.0928382
         4   0.871287    0.35443   0.245614   0.290155
         5    0.80198   0.438596  0.0691882   0.119522
         6   0.910891   0.406961   0.246154   0.306761
         7   0.881188   0.481301   0.309948    0.37707
         8   0.821782   0.363757  0.0882259   0.142009
         9    0.80198   0.608563  0.0716085   0.128139
        10   0.891089   0.281665   0.412987   0.334913
        11   0.892389   0.423188   0.301031   0.351807
        12   0.871287   0.416526   0.196343   0.266883
        13   0.871287   0.851852   0.521986   0.647318
        14   0.878788    0.43396   0.232413   0.302707
        15   0.881188   0.491803   0.692308    0.57508
        16   0.871287   0.589759   0.323629   0.417923
        17   0.871287   0.638095   0.179419   0.280084
        18   0.910891   0.276329   0.358846   0.312227
        19    0.80198   0.688272   0.129576   0.218093
        20   0.859386   0.436895   0.147057   0.220047
        21   0.881188   0.758813   0.778306   0.768436
        22   0.881188    0.50369   0.307432   0.381818
        23   0.821782   0.594554   0.126733   0.208931
        24   0.871287   0.364486   0.251073   0.297332
        25   0.891089   0.424658   0.184838   0.257567
        26   0.861386   0.573554   0.204962   0.302002
        27   0.926093   0.347793   0.501192   0.410634
        28   0.851485   0.565728   0.123907    0.20329
        29   0.910891    0.24105   0.247549   0.244256
        30   0.891089   0.507812   0.182499   0.268503
        31   0.732673   0.252306   0.154435   0.191596
        32   0.861486   0.208984   0.338608   0.258454
        33   0.851485   0.523046   0.116052   0.189956
        34   0.871287   0.174151   0.284946   0.216179
        35   0.940594   0.413534   0.555556   0.474138
        36   0.792079   0.403315   0.142023   0.210072
        37    0.80258   0.477733   0.110075   0.178923
        38   0.882888   0.315643   0.367672   0.339677
        39   0.891089   0.311728   0.312693    0.31221
        40   0.475248   0.218524  0.0839822   0.121334
        41   0.821782   0.515823   0.218499   0.306968
        42   0.405941   0.216334  0.0584782  0.0920688
        43   0.891089   0.708054    0.30758   0.428862
        44   0.584458   0.393305  0.0554572  0.0972079
        45   0.851485   0.562401   0.405006   0.470899
        46   0.792079   0.404459  0.0469154  0.0840781
        47   0.891089   0.247899   0.226054   0.236473
        48   0.871287   0.361854   0.128889   0.190075
        49   0.891089   0.170548   0.361393   0.231736
        50   0.841584   0.731429   0.192699   0.305034
        51   0.891089   0.436995   0.381523    0.40738
        52   0.871287   0.529204   0.470866   0.498333
        53   0.841584   0.632829   0.270545   0.379043
        54   0.841684   0.276725   0.285814   0.281196
        55   0.831683   0.352941   0.169014   0.228571
        56   0.851485   0.645429   0.139104    0.22888
        57   0.881188   0.322368  0.0881295   0.138418
        58   0.921392   0.266216   0.410417   0.322951
        59   0.851485   0.662298    0.17096   0.271768
        60    0.80198   0.652866   0.264516   0.376492
        61   0.912691   0.330359   0.307303   0.318414
        62   0.871287   0.271285   0.501543   0.352113
        63   0.871287   0.389423  0.0939312   0.151355
        64   0.881188   0.795427   0.343734   0.480029
        65   0.920792   0.414861   0.449664   0.431562
        66   0.861386   0.489083   0.172219   0.254738
        67   0.841584   0.278638    0.25641   0.267062
        68   0.881188   0.379511   0.292115   0.330127
        69   0.871287   0.442529   0.293893   0.353211
        70   0.891089   0.308889   0.827381   0.449838
        71   0.851485   0.388828   0.168806   0.235411
        72   0.851485   0.346651   0.100751   0.156126
        73   0.792079   0.610209  0.0876667   0.153308
        74   0.930693   0.441379   0.174863   0.250489
        75   0.861386   0.387755   0.244485   0.299887
        76   0.881188   0.503947   0.264869   0.347235
        77   0.851485   0.692593   0.240979   0.357553
        78    0.90099   0.168224   0.254118   0.202437
        79   0.831683   0.409766   0.209441   0.277199
        80   0.742574   0.531915  0.0978953   0.165358
        81   0.841584   0.613181   0.297222   0.400374
        82    0.80198   0.846847   0.356061   0.501333
        83   0.888189   0.333284   0.301404   0.316543
        84   0.891089    0.26055   0.312775   0.284284
        85   0.851485   0.440806   0.154321   0.228609
        86   0.821782   0.451933   0.155419   0.231296
        87   0.886989   0.315777   0.262709   0.286809
        88   0.811881    0.55814   0.219178   0.314754
        89   0.878388   0.186336   0.227003   0.204669
        90   0.811881   0.633314   0.296828   0.404207
        91   0.910891   0.576797   0.245651   0.344558
        92    0.80198    0.63388   0.174962   0.274232
        93   0.930693   0.504132   0.379893   0.433283
        94   0.861386   0.693312   0.244816   0.361856
        95   0.871287   0.622896   0.255172   0.362035
        96   0.875988   0.320043   0.254361   0.283447
        97   0.636964   0.106707   0.112179   0.109375
        98   0.881888   0.443056   0.401823   0.421433
        99   0.861386   0.595808   0.212834   0.313633
       100   0.867687    0.29494   0.353164   0.321437
       101   0.861386   0.556204   0.143503   0.228144
       102   0.910891    0.39934   0.346705   0.371166
       103   0.891089   0.445225   0.226753   0.300474
       104   0.861386   0.672549   0.159091   0.257314
       105   0.861386   0.435088   0.230626   0.301459
       106   0.920792   0.425791   0.546875   0.478796
       107   0.891089   0.515086   0.470472    0.49177
       108   0.841584   0.416667   0.132855   0.201471
       109   0.910891   0.336022   0.166889   0.223015
       110   0.881188    0.60198   0.626804   0.614141
       111   0.881188   0.540426   0.253493   0.345109
       112   0.883588   0.462925   0.260573   0.333451
       113   0.851485   0.655889   0.352795   0.458805
       114   0.712871      0.146  0.0410228  0.0640491
       115   0.782178   0.384821   0.163754   0.229744
       116   0.762376    0.72009  0.0642497   0.117973
       117   0.811881   0.532905   0.132218    0.21187
       118   0.881188   0.419214    0.27157   0.329614
       119   0.445545   0.650485  0.0751683   0.134764
       120   0.851485   0.331469   0.129792   0.186541
       121    0.90379    0.51198   0.775876    0.61689
       122   0.930693   0.445469   0.221882   0.296221
       123   0.752475   0.417249   0.119056   0.185252
       124   0.881188   0.281768    0.19793   0.232523
       125    0.90099   0.216327   0.576087    0.31454
       126   0.831683   0.650909    0.13484   0.223401
       127   0.811881   0.770083   0.128763   0.220635
       128    0.90099   0.295213   0.230769   0.259043
       129   0.930693   0.412518   0.920635   0.569745
       130   0.871287   0.307049   0.190936   0.235456
       131   0.893389   0.427754   0.331018    0.37322
       132   0.881188   0.523385   0.223384   0.313125
       133   0.871287   0.581871   0.230992   0.330702
       134   0.851485   0.550586   0.333548   0.415428
       135   0.864686   0.483766   0.634943    0.54914
       136   0.891089    0.40647   0.352439   0.377531
       137   0.851485   0.601242   0.296569    0.39721
       138   0.841584   0.398477   0.190188   0.257483
       139   0.732673   0.505166   0.232435   0.318379
       140   0.871287   0.550898   0.185235   0.277248
       141   0.921392   0.276848   0.450191   0.342855
       142    0.90499   0.420382   0.291391   0.344198
       143   0.821782   0.475817   0.168519   0.248889
       144   0.920792   0.328829   0.249147   0.283495
       145   0.871287   0.451467   0.135593   0.208551
       146    0.80198   0.539157   0.162285   0.249477
       147   0.782178   0.647646   0.377076    0.47664
       148   0.861386   0.568665   0.180701   0.274254
       149   0.851485   0.568019   0.351551   0.434307
       150   0.792079   0.720627   0.257703   0.379642
       151   0.792079   0.588509   0.214488   0.314392
       152   0.891089   0.216475   0.187552   0.200978
       153   0.861386   0.606822   0.100805    0.17289
       154   0.851485   0.482255   0.126299   0.200173
       155   0.892189   0.519582   0.938679   0.668908
       156   0.891089   0.520952   0.826284   0.639019
       157   0.851485   0.654611    0.12769   0.213695
       158   0.912691   0.306719   0.211613   0.250441
       159   0.851485   0.552486    0.21322   0.307692
       160   0.881188   0.232791   0.228782   0.230769
       161   0.851485   0.478336  0.0994236   0.164629
       162   0.425743   0.794721   0.100148    0.17788
       163   0.888189   0.318995   0.235282   0.270817
       164   0.891089      0.354   0.268589   0.305436
       165   0.891089   0.318991   0.171178   0.222798
       166   0.712871   0.467391   0.106042   0.172864
       167   0.883788   0.249129   0.370954   0.298074
       168   0.910891   0.340456   0.183142   0.238166
       169   0.841584   0.421846   0.157969   0.229861
       170   0.875388   0.270226   0.181679   0.217277
       171   0.574257   0.705674   0.135374   0.227169
       172   0.871287   0.393791   0.107016   0.168296
       173    0.90099   0.732591   0.387334   0.506744
       174   0.861386   0.345952   0.304067    0.32366
       175   0.831683    0.42623   0.189863   0.262704
       176    0.90099    0.22467   0.512563   0.312404
       177   0.881188   0.777778   0.756757   0.767123
       178    0.90099   0.464815    0.35755   0.404187
       179   0.881188   0.665076   0.491537   0.565288
       180   0.920792   0.194245   0.981818   0.324324
       181   0.822082   0.606965   0.187404   0.286385
       182   0.871287   0.350917   0.325532   0.337748
       183    0.80198   0.646154   0.153285   0.247788
       184    0.90099   0.693676   0.456437   0.550588
       185   0.851485   0.313066   0.142605   0.195951
       186   0.841584   0.532558    0.32808   0.406028
       187   0.881188    0.39272   0.212215   0.275538
       188   0.910891   0.670601   0.615157   0.641684
       189    0.90099   0.370297    0.40564   0.387164
       190   0.891089   0.385084   0.187685   0.252369
       191   0.871287   0.626549   0.386041   0.477733
       192   0.594059   0.780142   0.125906    0.21682
       193   0.841584   0.543158   0.106965   0.178732
       194   0.874887   0.200208   0.294557   0.238387
       195   0.920792    0.15942   0.143556   0.151073
       196    0.80208   0.392638    0.11957   0.183315
       197   0.891089   0.656676   0.828179   0.732523
       198   0.910891    0.64148   0.549175    0.59175
       199   0.822082   0.286008   0.147246   0.194406
       200   0.881188   0.546392   0.276042   0.366782
       201   0.910891   0.495631   0.409449   0.448437
       202   0.881188     0.2343   0.161667   0.191321
       203   0.921592    0.62013   0.817987   0.705448
       204   0.930693   0.319372   0.616162    0.42069
       205   0.885089   0.372499   0.381384   0.376889
       206   0.910891    0.16298   0.654206   0.260951
       207   0.851485   0.425824   0.175439   0.248497
       208   0.910891   0.311623   0.222939   0.259925
       209   0.871287   0.613577   0.219832   0.323691
       210   0.871287   0.308411   0.116471   0.169086
       211   0.425743   0.730769   0.105646   0.184604
       212   0.861386   0.360274   0.187723   0.246832
       213   0.851485   0.624187   0.168362   0.265193
       214   0.831683   0.379391   0.241791   0.295351
       215   0.881188   0.367347   0.261411   0.305455
       216    0.60396   0.812741  0.0437494  0.0830293
       217   0.920792   0.233463          1   0.378549
       218   0.891089   0.270541    0.45302    0.33877
       219   0.871287   0.505353   0.229796    0.31593
       220   0.792079   0.685777   0.178223    0.28292
       221   0.888889   0.220012   0.131536   0.164641
       222    0.80198   0.417755   0.110727   0.175055
       223   0.881188    0.24554   0.252155   0.248804
       224   0.940594   0.453507      0.695   0.548865
       225    0.90319   0.365706   0.179417    0.24073
       226   0.920792   0.280206   0.235421   0.255869
       227   0.821782   0.487619   0.188097   0.271474
       228    0.90099   0.538843   0.548822   0.543786
       229   0.920792   0.388889    0.28266   0.327373
       230   0.910891   0.332353   0.228977   0.271146
       231   0.861386   0.445783   0.168321   0.244371
       232   0.881188   0.806202   0.608187   0.693333
       233   0.554455   0.692771  0.0735137   0.132922
       234   0.881188   0.651601   0.173087   0.273518
       235   0.871287   0.465278   0.120576    0.19152
       236   0.811881   0.364865   0.195181   0.254317
       237   0.881188   0.501892   0.423404   0.459319
       238   0.927993   0.358289   0.317971   0.336928
       239    0.90099   0.216867   0.868966   0.347107
       240   0.811881   0.603774   0.153908   0.245289
       241   0.882088   0.345188   0.118928   0.176907
       242    0.89939   0.302111   0.188319   0.232014
       243    0.89559   0.282803   0.385276   0.326181
       244   0.920792   0.338742   0.288428   0.311567
       245   0.877188   0.408192   0.206483   0.274241
       246   0.881188   0.695067   0.240434    0.35728
       247   0.881188    0.32659  0.0906175   0.141871
       248   0.861386   0.401535  0.0752637   0.126766
       249   0.871287   0.686975   0.226298   0.340448
       250   0.594059   0.144058   0.072904  0.0968132
       251   0.881288   0.273562   0.197344   0.229285
       252   0.841584   0.479769   0.135326   0.211106
       253   0.772277   0.412851   0.223332   0.289863
       254    0.90229    0.29815   0.881029   0.445528
       255   0.881188   0.469218        0.4   0.431853
       256   0.792079   0.623724   0.134897   0.221819
       257   0.772277   0.767896   0.085839   0.154417
       258   0.871287   0.342657   0.317152   0.329412
       259    0.90099   0.692506   0.902357   0.783626
       260   0.891089   0.333333   0.306452   0.319328
       261   0.940594   0.544936   0.630363   0.584545
       262   0.910891   0.506542   0.436393   0.468858
       263   0.861386   0.490566   0.213699    0.29771
       264   0.465347   0.501312  0.0350459  0.0655119
       265   0.884888   0.509893   0.177002   0.262782
       266   0.811881   0.794479   0.190092   0.306781
       267   0.752475   0.617647   0.196568   0.298225
       268   0.881188   0.431012   0.189158   0.262926
       269    0.70297   0.371429   0.279141   0.318739
       270   0.910891   0.292035   0.247191   0.267748
       271   0.891089   0.280528   0.253731   0.266458
       272   0.723072   0.384113   0.112996   0.174623
       273   0.910891   0.167951    0.30618   0.216915
       274   0.910891   0.530864   0.809412   0.641193
       275   0.871287   0.333333   0.143382   0.200514
       276   0.643564   0.538839  0.0983142   0.166288
       277   0.891089   0.472684   0.187382   0.268375
       278   0.574357   0.301793    0.20227   0.242206
       279   0.774977   0.628712   0.146301   0.237366
       280   0.891089   0.485965   0.249775   0.329958
       281   0.920792   0.316891   0.560847   0.404967
       282   0.920792   0.184242   0.700461   0.291747
       283   0.811881   0.535124   0.455986   0.492395
       284   0.871287   0.593878   0.389298   0.470303
       285   0.841584    0.45776   0.153593    0.23001
       286   0.712871   0.646853  0.0962038   0.167497
       287   0.752775   0.589286   0.266129   0.366667
       288   0.861386   0.472674   0.229555   0.309029
       289   0.860186   0.399814   0.123738   0.188986
       290    0.90099   0.229381   0.669173   0.341651
       291   0.905691    0.26321   0.281752   0.272166
       292   0.624562   0.648438   0.463687   0.540717
       293   0.913291   0.484558    0.68766   0.568514
       294   0.907691   0.176019   0.236838   0.201949
       295   0.881688   0.243458   0.107683   0.149321
       296   0.920792   0.373777   0.370874    0.37232
       297   0.861386    0.57197   0.394256    0.46677
       298   0.762376   0.631579   0.196721        0.3
       299   0.881188   0.541491    0.16231   0.249757
       300   0.928793   0.163372   0.613021   0.257989
       301   0.814281   0.674483   0.151833   0.247868
       302   0.861386   0.724968   0.162086   0.264937
       303   0.881188    0.31893   0.211172   0.254098
       304   0.861386   0.694482   0.186618   0.294185
       305   0.867587   0.440518   0.391769   0.414716
       306   0.844984   0.261403   0.240471   0.250501
       307   0.584158   0.583951   0.138062   0.223324
       308   0.564356   0.790419   0.253481    0.38386
       309   0.841584   0.216878   0.131753   0.163923
       310   0.871287    0.57619   0.522678   0.548131
       311   0.940594   0.462366   0.337255   0.390023
       312   0.742574   0.475054   0.165533   0.245516
       313   0.891089   0.284706   0.394137   0.330601
       314   0.831683   0.569288   0.305835   0.397906
       315   0.752475   0.374251   0.123762   0.186012
       316   0.693069   0.388618   0.100929   0.160241
       317   0.871287  0.0897436   0.061082  0.0726895
       318   0.881188   0.114878   0.241107   0.155612
       319   0.851485   0.846765   0.512363   0.638425
       320   0.891089   0.459843   0.481054   0.470209
       321   0.891089   0.302222   0.210526   0.248175
       322   0.762376   0.229983   0.130687   0.166667
       323   0.861386   0.632867   0.201335   0.305485
       324   0.851485   0.536092   0.197168   0.288302
       325   0.930693   0.262438   0.352843   0.300999
       326   0.772277   0.422819   0.198613    0.27027
       327   0.831683   0.444444   0.103152   0.167442
       328   0.881188   0.412104   0.338061   0.371429
       329   0.881188   0.396959   0.204526    0.26996
       330   0.831683   0.396825   0.180433   0.248071
       331   0.881188   0.509221   0.173715   0.259057
       332    0.90099   0.375869   0.416375   0.395086
       333   0.851485   0.414044   0.125275   0.192351
       334   0.910891   0.140351   0.336842   0.198142
       335   0.811881   0.401361   0.159173   0.227946
       336   0.831683   0.650699   0.109764   0.187842
       337   0.881188   0.254202   0.115019   0.158377
       338   0.881188   0.300406   0.114139   0.165425
       339   0.881188   0.568627  0.0816135    0.14274
       340   0.851485   0.660215   0.155129   0.251227
       341   0.851485   0.535009   0.241491   0.332775
       342    0.90409   0.155412   0.343374   0.213977
       343   0.841584   0.629967   0.274037   0.381932
       344   0.881188   0.433333       0.91   0.587097
       345   0.594059   0.802139  0.0527241  0.0989446
       346    0.49505   0.544118  0.0440739  0.0815427
       347   0.881188   0.373418    0.62766   0.468254
       348   0.881188   0.390328   0.161198   0.228168
       349   0.920892   0.793173   0.348325   0.484069
       350    0.80198   0.703146   0.286991   0.407613
       351   0.861386    0.44506   0.252488   0.322193
       352   0.871287    0.52906   0.235989   0.326391
       353   0.920792   0.210526   0.557214   0.305593
       354   0.871287   0.485294   0.106969   0.175299
       355   0.920792    0.35182   0.602374   0.444201
       356   0.930693   0.203822   0.542373   0.296296
       357   0.869887     0.1528   0.134315   0.142963
       358   0.910891    0.53112   0.350205   0.422094
       359   0.762376   0.857143  0.0761855   0.139933
       360   0.861386    0.25897   0.357759   0.300452
       361   0.861386   0.552309   0.170746    0.26085
       362   0.841584   0.419231   0.213307    0.28275
       363   0.732673   0.493548   0.102616   0.169906
       364   0.881188   0.310174    0.34965   0.328731
       365   0.772277   0.530992  0.0959134   0.162478
       366   0.871287   0.530211   0.296453   0.380282
       367   0.881188   0.461378   0.209082    0.28776
       368   0.841584   0.701195  0.0921949   0.162963
       369   0.910891   0.277607   0.211449   0.240053
       370    0.90099   0.218182   0.378549   0.276817
       371   0.841584   0.503792   0.324721   0.394904
       372   0.861386   0.336303   0.146744    0.20433
       373   0.864886   0.493305   0.227262    0.31117
       374   0.891389   0.364211   0.285008   0.319778
       375   0.871287   0.350649   0.126761   0.186207
       376    0.90099   0.375143    0.23007   0.285219
       377   0.871287   0.484581   0.119826    0.19214
       378   0.930693   0.334152    0.53125   0.410256
       379   0.920892   0.285974   0.934524   0.437936
       380   0.445545   0.238979  0.0189547  0.0351236
       381   0.873987   0.403238    0.22079   0.285343
       382   0.871287   0.565072    0.32732   0.414525
       383   0.851485   0.424324    0.16973   0.242471
       384   0.891089   0.319149   0.166873   0.219156
       385   0.881188   0.426573   0.333789    0.37452
       386   0.821782   0.403587   0.122884   0.188403
       387   0.881188    0.40118   0.384181   0.392496
       388   0.841584   0.533512  0.0813241   0.141135
       389   0.841584   0.546584   0.193407   0.285714
       390   0.614261   0.473684   0.254795   0.331354
       391   0.881188   0.411765   0.608696   0.491228
       392   0.910891   0.495645   0.590862   0.539081
       393   0.871287   0.572271   0.489899   0.527891
       394   0.831683   0.429668   0.100962   0.163504
       395   0.811881   0.520604   0.181775   0.269463
       396   0.871287   0.518382   0.356962   0.422789
       397   0.822382   0.239437   0.107425    0.14831
       398   0.949995   0.162154   0.741939   0.266142
       399   0.871287   0.523232   0.176913   0.264421
       400   0.910891    0.37619   0.280142   0.321138
       401   0.831683   0.576642   0.115972   0.193107
       402   0.653465   0.755656  0.0634258   0.117029
       403   0.841584   0.745806   0.113489   0.197001
       404   0.861386   0.266795   0.157955    0.19843
       405   0.851485   0.468085   0.174801   0.254545
       406   0.861386   0.347107  0.0487805  0.0855397
       407   0.861386   0.331839    0.20904   0.256499
       408   0.891089   0.296296    0.37037   0.329218
       409   0.871287   0.461538  0.0839416   0.142048
       410   0.881188   0.521084   0.153505   0.237149
       411   0.910891        0.3   0.665706   0.413608
       412    0.90099   0.524652   0.321456   0.398655
       413    0.90099   0.238857   0.611111   0.343468
       414   0.841584   0.687822   0.198025   0.307515
       415   0.811881   0.486792    0.17246   0.254689
       416   0.910891   0.466113   0.583045   0.518063
       417    0.90099    0.33913   0.206897   0.257002
       418   0.831683   0.652542  0.0603133   0.110421
       419   0.866487   0.399419   0.270897   0.322837
       420   0.927993   0.160848   0.549715   0.248875
       421   0.910891   0.338144   0.616541   0.436751
       422   0.861386   0.366906   0.108395    0.16735
       423   0.673267   0.618621   0.212615   0.316464
       424   0.861386   0.494892   0.466809   0.480441
       425   0.881188   0.394336   0.371663   0.382664
       426   0.821782       0.52    0.14629   0.228341
       427   0.861386   0.641723   0.242918   0.352428
       428   0.871287   0.522645   0.172703   0.259618
       429   0.910991   0.688914   0.947123   0.797642
       430   0.871287   0.660305   0.222938   0.333333
       431   0.920792    0.32345    0.55814   0.409556
       432   0.881188   0.353488   0.183575   0.241653
       433   0.887289   0.285706   0.106507   0.155169
       434   0.732673   0.631579   0.148837   0.240903
       435   0.910891    0.26259   0.651786   0.374359
       436   0.881188   0.715818   0.489011   0.581066
       437   0.934393   0.280421   0.527445   0.366166
       438   0.891089   0.371429   0.160164   0.223816
       439   0.792079   0.314244   0.182906   0.231226
       440   0.732673   0.366492   0.136452   0.198864
       441   0.920792   0.269147   0.527897   0.356522
       442   0.871287   0.460237   0.194425   0.273367
       443   0.930693   0.339071   0.711191   0.459207
       444   0.872887   0.669351   0.430999    0.52436
       445    0.90099   0.314103   0.362963    0.33677
       446   0.891089   0.309107   0.269466   0.287928
       447   0.861386   0.543605   0.262364   0.353915
       448    0.90099   0.306569   0.280624   0.293023
       449   0.870487   0.646457   0.265043   0.375949
       450   0.923792   0.339186   0.364731   0.351495
       451   0.861386   0.449462   0.198575   0.275453
       452   0.920892   0.340581   0.613422   0.437986
       453   0.821782   0.583077   0.105219   0.178269
       454   0.782178   0.776398   0.327054   0.460236
       455   0.851485    0.58598   0.227756    0.32802
       456   0.811881   0.528926   0.206952   0.297501
       457   0.841584   0.803074   0.526117   0.635741
       458   0.884488   0.421961   0.118899   0.185523
       459   0.920792   0.397092   0.855422   0.542399
       460   0.893589   0.351922   0.156816   0.216956
       461   0.871287   0.736928    0.15382   0.254515
       462   0.861386   0.408805   0.167095   0.237226
       463   0.693069   0.544199   0.356884   0.431072
       464   0.871287   0.477573    0.47013   0.473822
       465    0.90099   0.396154   0.238702   0.297903
       466   0.930693   0.521127    0.37659   0.437223
       467   0.821782      0.875   0.222865   0.355248
       468   0.871287   0.219917   0.122026    0.15696
       469   0.861386   0.710145   0.261682   0.382439
       470   0.811881   0.574599   0.228768   0.327247
       471   0.831683   0.632353   0.104032    0.17867
       472   0.861386   0.602524   0.282544   0.384693
       473   0.673267   0.681024   0.152106   0.248672
       474   0.627763       0.32   0.102302   0.155039
       475   0.514851   0.543956   0.162029   0.249685
       476   0.841584   0.466874   0.220862   0.299867
       477   0.891089   0.413043   0.445848   0.428819
       478   0.821782   0.474199   0.246988   0.324802
       479   0.891089   0.286774   0.360809   0.319559
       480   0.792079   0.800242   0.178215    0.29151
       481   0.861386   0.442492   0.117373   0.185532
       482   0.890889   0.348954   0.315452   0.331358
       483   0.871287   0.622346   0.203433   0.306634
       484   0.752475    0.76601  0.0467318  0.0880895
       485   0.875588   0.231752   0.237703    0.23469
       486   0.883988   0.454745   0.326027   0.379776
       487   0.871287   0.315789    0.15478   0.207739
       488    0.90099    0.47486   0.458633   0.466606
       489   0.831683   0.384073   0.285607   0.327601
       490   0.891089   0.420415    0.31848   0.362416
       491    0.50495   0.683486  0.0735076   0.132739
       492    0.90269   0.116414   0.157907   0.134023
       493   0.881188   0.273585   0.196744   0.228887
       494   0.881188   0.307229   0.215493   0.253311
       495   0.871287   0.473094   0.293872   0.362543
       496   0.910891   0.263158   0.827068   0.399274
       497   0.910891   0.188991   0.481308    0.27141
       498   0.792079   0.818015  0.0835367   0.151593
       499   0.871287   0.591233   0.131014   0.214497
       500    0.89689   0.226091   0.885422   0.360204
       501   0.920792   0.490476   0.725352   0.585227
       502    0.90099   0.460332    0.59976   0.520877
       503   0.851485   0.600325   0.547813   0.572868
       504   0.128713   0.648855  0.0496495  0.0922409
       505   0.841584   0.454229   0.163948   0.240934
       506   0.888389   0.350945   0.330738   0.340542
       507   0.891089   0.225664   0.295938   0.256067
       508   0.821782   0.711911   0.119535   0.204699
       509   0.871287   0.390464   0.127151   0.191833
       510   0.861386   0.633005   0.285556   0.393568
       511   0.851485   0.271959   0.253543   0.262429
       512   0.891089   0.390181   0.322305    0.35301
       513   0.811881   0.636364    0.54902   0.589474
       514    0.70297   0.384314   0.175313   0.240786
       515   0.871287   0.461847   0.158402   0.235897
       516   0.841684   0.361775   0.134008   0.195572
       517   0.891089   0.539823   0.293976   0.380655
       518   0.891089   0.554192   0.385491   0.454698
       519   0.881188   0.525822   0.382906   0.443126
       520   0.869387   0.236353   0.202012   0.217837
       521   0.811881   0.682848  0.0874793    0.15509
       522   0.881188   0.407022   0.134335   0.202001
       523   0.865987   0.757464   0.112829   0.196402
       524   0.782178    0.82662   0.303928   0.444444
       525   0.841584    0.56483   0.206886   0.302846
       526   0.920792   0.257951   0.858824   0.396739
       527   0.792079   0.626904   0.541667   0.581176
       528   0.861386   0.661871   0.185609   0.289916
       529   0.881188   0.296875   0.119247   0.170149
       530    0.90099   0.249117   0.323394   0.281437
       531   0.723072   0.243167   0.138116   0.176169
       532   0.911791   0.429461   0.440663    0.43499
       533   0.910891    0.37094   0.165019   0.228421
       534   0.821782   0.542435  0.0977719    0.16568
       535   0.861386   0.567982   0.134197     0.2171
       536   0.752475   0.377049   0.122259   0.184646
       537   0.881188    0.60961   0.690476   0.647528
       538   0.910891   0.276106   0.287293   0.281588
       539   0.851485   0.420208   0.149781   0.220844
       540   0.405941  0.0675169  0.0601604  0.0636267
       541   0.920792   0.365297   0.406091   0.384615
       542   0.910891   0.773196   0.728155       0.75
       543   0.841584   0.628176   0.351876   0.451078
       544   0.910891   0.269585    0.31117   0.288889
       545   0.811881   0.508079   0.142713   0.222835
       546   0.881188    0.35188   0.399317   0.374101
       547   0.831683   0.578125   0.125686   0.206482
       548   0.871287   0.498507   0.214929    0.30036
       549   0.930693   0.215385       0.45   0.291329
       550   0.871287   0.696154   0.393478   0.502778
       551   0.712871   0.350877   0.141176   0.201342
       552   0.871287      0.386     0.1294   0.193824
       553   0.871287   0.498503    0.15797   0.239914
       554   0.861386   0.493018   0.236964   0.320084
       555   0.857086   0.338954   0.422232   0.376037
       556   0.891089    0.81565   0.675082   0.738739
       557   0.752475   0.555743   0.125095   0.204221
       558   0.930693   0.284512   0.875648   0.429479
       559   0.732673   0.795745    0.23959   0.368291
       560   0.782178   0.666667   0.180708   0.284342
       561   0.722772   0.188119  0.0394464  0.0652174
       562   0.881188    0.46888   0.226756   0.305681
       563    0.90099   0.295238   0.828877   0.435393
       564   0.885389    0.46771   0.515888   0.490619
       565   0.732673   0.227829   0.116497   0.154165
       566   0.891089   0.557789   0.183927   0.276636
       567   0.405941   0.263158  0.0368826  0.0646976
       568   0.881188   0.442953   0.220367   0.294314
       569   0.831683   0.411444   0.194087   0.263755
       570   0.465347   0.337793   0.048187  0.0843424
       571   0.873587   0.535433   0.392496   0.452956
       572   0.871287   0.358714   0.319277   0.337849
       573    0.80198    0.64695   0.146751   0.239234
       574   0.871287   0.434968   0.226415    0.29781
       575   0.831683   0.650966   0.139782   0.230145
       576   0.915892   0.115379   0.552078   0.190868
       577   0.881188    0.52356   0.382044   0.441745
       578   0.881188   0.271724   0.521164   0.357208
       579   0.910891   0.278433   0.386161   0.323566
       580   0.821782    0.31407   0.126839   0.180701
       581   0.863486   0.636848    0.25294   0.362073
       582   0.881188   0.541667    0.19902   0.291088
       583   0.871287   0.432258   0.212025   0.284501
       584   0.874687     0.3575     0.4141   0.383724
       585   0.918892   0.165819   0.249957   0.199375
       586   0.584158   0.863806   0.127619   0.222382
       587   0.920792   0.296791   0.315341   0.305785
       588   0.871287   0.555644   0.338499   0.420704
       589   0.874587   0.324351   0.278551   0.299711
       590   0.871387   0.753388   0.482639    0.58836
       591   0.841584   0.751812   0.353794   0.481159
       592    0.49505   0.481707  0.0800405   0.137272
       593   0.920792   0.106918   0.817308   0.189099
       594   0.732673   0.734579   0.189306   0.301034
       595    0.90099   0.349306   0.217085   0.267762
       596   0.871287   0.407507       0.32   0.358491
       597   0.920792   0.358079   0.345021   0.351429
       598   0.772277   0.500745  0.0923077    0.15588
       599   0.831683   0.657303   0.292135   0.404494
       600    0.89639   0.222648   0.855799   0.353363
       601   0.881188   0.318182  0.0944123   0.145617
       602   0.712871   0.516024   0.173323   0.259488
       603   0.877788   0.237651   0.258365   0.247575
       604   0.871287    0.21519   0.302895   0.251619
       605   0.524752  0.0465839  0.0864553  0.0605449
       606   0.712871   0.534351   0.131827    0.21148
       607   0.920792   0.490351   0.340646   0.402014
       608   0.881188   0.317949    0.19195   0.239382
       609    0.89819   0.261526   0.633606   0.370235
       610   0.772377    0.32032   0.199253   0.245681
       611   0.861386   0.319188   0.165868   0.218297
       612   0.891089   0.439604   0.427334   0.433382
       613   0.811881   0.636364   0.288564   0.397072
       614    0.90099    0.43739   0.337186   0.380806
       615   0.940594   0.378016   0.618421   0.469218
       616   0.811881   0.625181   0.114924   0.194157
       617   0.821782   0.521311  0.0958987   0.161997
       618   0.841584   0.733051   0.156656   0.258145
       619   0.871287   0.208333  0.0777202   0.113208
       620   0.854985   0.409827   0.177276   0.247495
       621   0.871287   0.727186   0.221418   0.339472
       622   0.475248   0.477143  0.0774583    0.13328
       623   0.922092    0.33634   0.565107   0.421695
       624   0.881188   0.711382   0.284091   0.406032
       625   0.891089   0.346535   0.316265   0.330709
       626   0.861386        0.6   0.346249   0.439101
       627   0.920792   0.369349   0.375389   0.372345
       628   0.524752    0.55416    0.12347   0.201945
       629   0.909291   0.161895   0.340011   0.219348
       630   0.881188   0.244957   0.279912    0.26127
       631   0.910891   0.181818   0.160479   0.170483
       632   0.861386   0.261317   0.195686   0.223789
       633   0.834983   0.706056   0.398002   0.509052
       634   0.891089   0.389404   0.296371   0.336577
       635    0.80198   0.563238    0.11742   0.194327
       636   0.643564   0.343182   0.100066   0.154951
       637    0.90099   0.610256   0.505666    0.55306
       638    0.80198    0.61165   0.119772   0.200318
       639   0.831683   0.393506   0.345103   0.367718
       640   0.841584   0.433077   0.277887   0.338545
       641   0.891089     0.3775    0.11751   0.179228
       642   0.861386   0.645215   0.171191   0.270588
       643   0.920792   0.257081   0.215722   0.234592
       644   0.821782   0.476636   0.192817   0.274563
       645   0.881188   0.547619   0.231424   0.325354
       646   0.633663   0.708171       0.08    0.14376
       647   0.920892   0.121771   0.402439   0.186969
       648   0.891089   0.671491   0.327452   0.440228
       649   0.861386   0.642857   0.153288   0.247549
       650    0.90099   0.113445   0.457627   0.181818
       651   0.881188   0.541209   0.285922   0.374169
       652   0.851585   0.198738  0.0682927   0.101654
       653   0.653465   0.169884   0.172549   0.171206
       654   0.792079   0.487805    0.19431   0.277916
       655   0.871287   0.398058   0.175714   0.243806
       656   0.910891   0.645706   0.234933   0.344517
       657   0.891089   0.359489   0.154268    0.21589
       658   0.878888   0.511153   0.234206   0.321229
       659   0.792079   0.609827   0.191818    0.29184
       660   0.920792   0.314394   0.775701   0.447439
       661   0.920792   0.727132   0.342586    0.46574
       662   0.851485   0.333333   0.113184   0.168988
       663   0.881188   0.629944   0.277363   0.385147
       664   0.930693   0.370429   0.585427   0.453749
       665    0.90099   0.371991   0.303571   0.334317
       666   0.924792   0.525181   0.340811    0.41337
       667   0.881188   0.462103   0.400424   0.429058
       668   0.841584   0.543831   0.122846   0.200419
       669   0.891089   0.454467   0.330832   0.382917
       670   0.878188   0.246646   0.282381   0.263307
       671    0.90099     0.8125   0.392453   0.529262
       672   0.920792       0.38   0.443925   0.409483
       673   0.782178   0.598278   0.152412   0.242936
       674   0.851485   0.531707   0.301939   0.385159
       675   0.821782   0.407767  0.0468619   0.084063
       676   0.891089   0.480989   0.261634   0.338915
       677   0.811881   0.439753    0.29902   0.355982
       678   0.861386   0.681388   0.099356   0.173424
       679   0.584158   0.689796   0.107302   0.185714
       680   0.415842   0.665037  0.0718436   0.129678
       681    0.90099   0.334278    0.20793   0.256382
       682   0.643564   0.241796  0.0407688  0.0697732
       683   0.851485   0.352587   0.275186   0.309115
       684    0.80258   0.627329   0.336667   0.438178
       685   0.851485   0.387013   0.214852    0.27631
       686   0.841584   0.629475   0.301917   0.408097
       687   0.891089   0.309449   0.180607   0.228091
       688   0.873087   0.479716   0.251189   0.329726
       689   0.891089   0.339806   0.297691   0.317358
       690   0.930693   0.289286   0.432384   0.346648
       691   0.891089   0.310105   0.156966   0.208431
       692   0.933393   0.294364   0.511464    0.37367
       693   0.861386   0.364842   0.321168   0.341615
       694   0.782178    0.60678   0.233987   0.337736
       695   0.861386    0.45303   0.140905   0.214953
       696   0.881188   0.389961   0.452239   0.418798
       697   0.851485   0.498471   0.200246   0.285714
       698   0.861386   0.694764   0.130927   0.220332
       699    0.80198   0.675676   0.330813   0.444162
       700    0.90099    0.29595   0.186275    0.22864
       701   0.871287    0.35745   0.325235   0.340583
       702   0.851485   0.600595   0.319283   0.416925
       703   0.910891   0.295213   0.119355   0.169985
       704   0.881188   0.138298   0.602649   0.224969
       705   0.861386   0.383598   0.216418   0.276718
       706    0.89789   0.456526   0.231342   0.307075
       707   0.930693   0.122715   0.335714   0.179732
       708   0.851485   0.449862   0.174456   0.251414
       709   0.940594   0.235294   0.815166    0.36518
       710   0.891089   0.276339   0.104987   0.152164
       711   0.881188    0.38247   0.137602   0.202389
       712   0.910891   0.427242   0.609168   0.502238
       713   0.841584   0.395181   0.126251   0.191365
       714   0.870487   0.620853   0.282748   0.388545
       715   0.683568   0.647577   0.147516   0.240294
       716   0.762676    0.47191   0.211409   0.292005
       717    0.90099   0.344978   0.514993    0.41318
       718   0.864886   0.610119   0.309772   0.410914
       719   0.920792   0.365957   0.227513   0.280587
       720   0.881188   0.572123   0.477027   0.520265
       721   0.930693   0.296117   0.240157   0.265217
       722   0.924192   0.283859   0.406106   0.334153
       723   0.920792   0.430657   0.359756   0.392027
       724   0.742574   0.441152   0.136316   0.208275
       725   0.912091   0.425247   0.461675   0.442713
       726    0.90099   0.219841   0.476764   0.300923
       727   0.871287    0.56351   0.238514   0.335165
       728   0.881188   0.474672  0.0860252   0.145653
       729   0.920792   0.321974   0.634259   0.427124
       730   0.871287   0.705202   0.526998   0.603214
       731   0.881188   0.739606   0.768182   0.753623
       732    0.90099   0.336296   0.700617   0.454454
       733   0.881188   0.379822   0.534447   0.444059
       734   0.811881   0.695122   0.245593   0.362952
       735   0.831683   0.779727   0.145191   0.244798
       736   0.891089   0.375796   0.281847   0.322111
       737   0.792579   0.632124   0.133479   0.220416
       738   0.871687   0.441753   0.120393   0.189218
       739   0.752475   0.498634      0.146   0.225866
       740   0.881188    0.51028   0.320047   0.393372
       741    0.90099   0.305955   0.413889    0.35183
       742   0.871287   0.617711   0.142929   0.232143
       743   0.861386   0.545045   0.182642   0.273601
       744   0.861386     0.5337   0.267956   0.356782
