0.00990099   0.849956   0.076553   0.140456
  0.019802   0.849969  0.0765545   0.140458
  0.029703   0.849954  0.0765538   0.140457
  0.039604   0.849958  0.0765556    0.14046
  0.049505   0.849958  0.0765564   0.140461
 0.0594059   0.849947  0.0765566   0.140462
 0.0693069   0.849937  0.0765576   0.140463
 0.0792079   0.849916  0.0765571   0.140462
 0.0891089    0.84989  0.0766273    0.14058
 0.0990099   0.849782  0.0766728   0.140655
  0.108911    0.84975  0.0767075   0.140713
  0.118812   0.849708  0.0767356   0.140759
  0.128713   0.849689  0.0767613   0.140802
  0.138614   0.849623  0.0767848   0.140841
  0.148515   0.849547  0.0768078   0.140879
  0.158416   0.849528  0.0768392   0.140931
  0.168317   0.849384  0.0769023   0.141035
  0.178218   0.849187  0.0770024   0.141201
  0.188119    0.84906  0.0770611   0.141298
   0.19802   0.848992  0.0770848   0.141337
  0.207921   0.848918  0.0771026   0.141366
  0.217822   0.848876  0.0771236     0.1414
  0.227723   0.848825  0.0771426   0.141432
  0.237624   0.848787  0.0771585   0.141458
  0.247525   0.848649  0.0771907    0.14151
  0.257426   0.848514  0.0772409   0.141593
  0.267327    0.84834   0.077282   0.141659
  0.277228   0.848226  0.0773217   0.141724
  0.287129   0.848133  0.0773573   0.141783
   0.29703   0.848044  0.0773875   0.141832
  0.306931    0.84784  0.0774136   0.141873
  0.316832    0.84772  0.0774406   0.141917
  0.326733   0.847514  0.0774702   0.141964
  0.336634   0.847317  0.0775381   0.142075
  0.346535   0.847093  0.0776026    0.14218
  0.356436   0.846809  0.0776685   0.142287
  0.366337   0.846591   0.077709   0.142351
  0.376238    0.84647   0.077747   0.142413
  0.386139   0.846349  0.0777737   0.142457
   0.39604   0.846199  0.0777891    0.14248
  0.405941   0.846095  0.0778095   0.142513
  0.415842   0.838307  0.0801186   0.146259
  0.425743   0.829294  0.0822381   0.149637
  0.435644   0.821946  0.0842525   0.152839
  0.445545    0.81472  0.0859663   0.155522
  0.455446   0.807334  0.0876198   0.158083
  0.465347   0.800915  0.0891745   0.160481
  0.475248   0.795081  0.0906311   0.162714
  0.485149   0.788948   0.092095   0.164937
   0.49505   0.783364  0.0935042   0.167067
   0.50495   0.778252   0.094814   0.169035
  0.514851   0.773915  0.0962372   0.171187
  0.524752   0.768638  0.0975161   0.173074
  0.534653    0.76321  0.0987758   0.174914
  0.544554   0.758228   0.100067   0.176801
  0.554455   0.753003   0.101491   0.178873
  0.564356   0.747622   0.102746   0.180664
  0.574257   0.742136   0.103944   0.182348
  0.584158   0.737343   0.105247   0.184202
  0.594059   0.732089   0.106536   0.186005
   0.60396   0.726522   0.107757   0.187678
  0.613861   0.721385   0.109089   0.189519
  0.623762   0.716065   0.110261   0.191097
  0.633663   0.711438   0.111586   0.192914
  0.643564   0.706176   0.112877   0.194643
  0.653465   0.701007   0.114355   0.196633
  0.663366   0.695403   0.115705   0.198399
  0.673267    0.69042   0.117137   0.200293
  0.683168    0.68538   0.118745    0.20242
  0.693069   0.679282   0.120244    0.20432
   0.70297   0.673024   0.121851   0.206344
  0.712871    0.66636   0.123597   0.208517
  0.722772   0.659268   0.125338   0.210631
  0.732673   0.652682   0.127151   0.212838
  0.742574   0.644815    0.12901   0.215003
  0.752475   0.636687   0.130922   0.217185
  0.762376   0.628822   0.133089   0.219682
  0.772277   0.619015   0.135215   0.221949
  0.782178   0.607847   0.137679   0.224507
  0.792079   0.594948   0.140008   0.226673
   0.80198   0.582306   0.142882   0.229461
  0.811881   0.569255   0.146249   0.232711
  0.821782   0.553906   0.150166   0.236277
  0.831683   0.535675   0.154677   0.240042
  0.841584   0.515257    0.15948   0.243571
  0.851485    0.48951   0.165714   0.247606
  0.861386   0.455704   0.173906   0.251742
  0.871287   0.408252   0.184801   0.254431
  0.881188    0.34018   0.203092   0.254339
  0.891089   0.264198   0.225615   0.243387
   0.90099   0.216212   0.242279   0.228505
  0.910891   0.174204   0.259466   0.208454
  0.920792   0.116596    0.28216   0.165007
  0.930693  0.0656409   0.311362   0.108424
  0.940594  0.0286561   0.366492  0.0531559
  0.950495  0.0106137   0.397683  0.0206755
  0.960396 0.00101647   0.272109 0.00202538
  0.970297 5.29413e-05   0.139665 0.000105843
  0.980198          0          0          0
  0.990099          0          0          0
