         1   0.267827   0.338583   0.148276   0.206235
         2   0.406541   0.415011   0.158116   0.228989
         3   0.407241   0.581378   0.281905   0.379698
         4   0.405941   0.076087   0.011236  0.0195804
         5    0.49725   0.328109   0.250522   0.284114
         6   0.408941   0.251462   0.109834   0.152889
         7   0.268127   0.586345   0.140655   0.226884
         8   0.406241   0.413008   0.166448   0.237272
         9    0.49715   0.189153   0.145525   0.164495
        10    0.49875   0.121027   0.090628   0.103644
        11    0.49635   0.389189   0.226296   0.286187
        12    0.49635   0.263153   0.282005   0.272253
        13   0.208221    0.43339   0.200468   0.274133
        14   0.426343       0.75   0.440217   0.554795
        15   0.410641   0.328594   0.133762   0.190128
        16   0.307031   0.278689   0.181495   0.219828
        17   0.406241   0.560765    0.34655   0.428369
        18   0.406541   0.380952   0.117845   0.180006
        19   0.111911   0.528502   0.136171   0.216548
        20   0.405941    0.37037   0.096463   0.153061
        21    0.49925   0.282935   0.164882   0.208348
        22   0.406741   0.690167   0.390551   0.498827
        23   0.330233   0.399456   0.320863   0.355872
        24   0.207921   0.270802   0.085769   0.130277
        25    0.49735   0.261903   0.302525   0.280752
        26    0.49795   0.237048   0.157858   0.189513
        27   0.089909   0.606612   0.222694   0.325788
        28   0.108911   0.321577   0.102445   0.155388
        29   0.267427   0.232394   0.106969   0.146504
        30   0.488149   0.415274   0.113651   0.178462
        31   0.486449   0.380208   0.128126   0.191664
        32   0.406241  0.0942029  0.0796214  0.0863005
        33   0.406541       0.25    0.22575   0.237257
        34   0.208521   0.679359   0.160511   0.259671
        35   0.811881   0.131435    0.13809    0.13468
        36    0.49555    0.67335   0.563451   0.613518
        37   0.128713   0.138122  0.0862069   0.106157
        38   0.405941   0.269231   0.136831   0.181446
        39    0.49605   0.377375   0.145312   0.209828
        40   0.406241   0.429012   0.210447   0.282377
        41   0.307531  0.0390738  0.0511364  0.0442986
        42   0.405941   0.202532   0.137339   0.163683
        43   0.406741  0.0886186   0.090106  0.0893561
        44   0.277328   0.552013   0.247741   0.341996
        45   0.326733   0.271967  0.0710383   0.112652
        46    0.49675   0.511545   0.395743   0.446254
        47   0.331833   0.191179   0.102895   0.133785
        48   0.329533   0.360708   0.154089   0.215934
        49   0.329233   0.392337   0.159546   0.226845
        50    0.80198   0.178767   0.253891   0.209807
        51   0.148515        0.8   0.188046   0.304513
        52   0.405941   0.409532   0.279493   0.332241
        53   0.406041   0.477876   0.388489   0.428571
        54   0.405941   0.438445   0.232265   0.303665
        55   0.407941   0.223951   0.241606   0.232444
        56  0.0892089   0.183007  0.0927152   0.123077
        57  0.0894089   0.457064   0.223577   0.300273
        58    0.49865   0.357656   0.351591   0.354597
        59    0.49615   0.348799   0.143913   0.203757
        60    0.49605   0.277717   0.208878   0.238428
        61   0.329333   0.597086   0.583792   0.590364
        62   0.141914   0.437666   0.134584   0.205864
        63   0.405941   0.314691   0.242912   0.274182
        64    0.49635    0.33997   0.139602   0.197929
        65  0.0107011   0.628159   0.288877   0.395754
        66    0.49845   0.328283   0.373188   0.349298
        67   0.405941   0.344978   0.151244   0.210293
        68    0.49685    0.20743   0.148844    0.17332
        69   0.317232   0.422584   0.249485   0.313742
        70   0.089709   0.229885   0.139373   0.173536
        71   0.267327   0.502222   0.150366   0.231439
        72   0.267427   0.562979   0.178163   0.270669
        73   0.330033   0.223658   0.185084   0.202551
        74    0.49905   0.183201   0.189325   0.186212
        75   0.405941   0.517241   0.343249   0.412655
        76   0.415842   0.379009   0.217755   0.276596
        77   0.405941   0.707895   0.209828   0.323706
        78   0.010001   0.572222   0.247596   0.345638
        79   0.267427    0.23676  0.0830601   0.122977
        80   0.405941   0.394904   0.246848   0.303797
        81   0.409241   0.268617   0.111479   0.157566
        82   0.212621   0.584527   0.382022   0.462061
        83   0.267327   0.810811   0.396476   0.532544
        84   0.329533   0.250303   0.203438    0.22445
        85    0.49645   0.237605   0.114457   0.154493
        86   0.208021   0.307305   0.085976   0.134361
        87   0.406441   0.170466   0.152078   0.160748
        88   0.405941   0.119048  0.0858896  0.0997862
        89    0.49755   0.224924   0.331236   0.267919
        90   0.208521   0.155635  0.0703883  0.0969359
        91   0.208021   0.602119   0.420469    0.49516
        92    0.49755   0.416601   0.236919   0.302059
        93   0.422542   0.249545     0.1179    0.16014
        94    0.49715   0.255948   0.120066   0.163455
        95   0.405941   0.270799   0.144599   0.188529
        96   0.329633   0.261929   0.194095   0.222967
        97    0.49775   0.280152   0.409091   0.332561
        98    0.80328  0.0579268  0.0994764  0.0732177
        99   0.277828    0.52924   0.373967   0.438257
       100   0.329933   0.216174   0.162586   0.185589
       101    0.49695   0.253851     0.4126   0.314318
       102   0.405941   0.455474   0.121118   0.191352
       103   0.208321   0.359736   0.174679   0.235167
       104   0.019802   0.507022   0.197808   0.284588
       105   0.070207   0.666667   0.202864    0.31107
       106   0.406941   0.336842   0.159911   0.216867
       107   0.130013   0.467153   0.162162   0.240752
       108   0.267327   0.579741   0.331689   0.421961
       109    0.49535   0.408169   0.144358   0.213284
       110   0.406541   0.314516  0.0860927   0.135182
       111   0.267427   0.720792   0.344697   0.466368
       112   0.366937   0.519149   0.177843   0.264929
       113   0.267327   0.208696   0.124224   0.155743
       114   0.405941   0.429561   0.299517   0.352941
       115   0.410641      0.077  0.0511968  0.0615016
       116    0.49545   0.359921   0.209781   0.265067
       117   0.407241   0.288939  0.0645812   0.105567
       118   0.405941   0.192616   0.146163   0.166205
       119   0.327833   0.349588   0.254795   0.294758
       120   0.407241   0.307443  0.0842946   0.132312
       121   0.208521    0.21958   0.084819   0.122369
       122   0.428043   0.441121   0.502128   0.469652
       123   0.406541   0.533026   0.180166   0.269305
       124   0.415942   0.265734   0.163441   0.202397
       125  0.0693069   0.349908   0.143722   0.203753
       126   0.328733   0.509091    0.37575   0.432373
       127   0.407741   0.189091   0.126214   0.151383
       128   0.405941    0.32687    0.10796   0.162311
       129   0.138614   0.550532   0.171927   0.262025
       130    0.49695   0.403897   0.285085   0.334247
       131   0.267327   0.268817   0.098082   0.143724
       132    0.49835   0.363105   0.292501   0.324001
       133   0.208521   0.685969   0.207968   0.319171
       134   0.405941   0.346491   0.139166   0.198576
       135    0.49685   0.518637    0.42635   0.467987
       136    0.49705   0.359067   0.413928    0.38455
       137   0.267427   0.589311   0.190975   0.288468
       138   0.417342   0.223602   0.155306   0.183299
       139    0.49755   0.257089    0.39844   0.312525
       140    0.49665   0.288035   0.249096   0.267154
       141   0.406541   0.598802   0.175336   0.271248
       142   0.277228   0.479604   0.135145    0.21087
       143    0.49825   0.341086    0.22809   0.273372
       144  0.0125013   0.198693  0.0920097   0.125776
       145    0.49795   0.398171   0.288379   0.334496
       146   0.251525   0.357184   0.287278   0.318439
       147   0.406541  0.0722892  0.0496894  0.0588957
       148   0.415842    0.49786    0.43408   0.463787
       149    0.49695   0.130473  0.0791467  0.0985261
       150   0.050105   0.687351   0.295688   0.413496
       151   0.330333   0.353192   0.305484    0.32761
       152    0.49815   0.275786   0.260869    0.26812
       153    0.49795   0.304704   0.159563   0.209446
       154   0.405941   0.114901  0.0599251  0.0787692
       155   0.267927   0.250522   0.115274   0.157895
       156   0.208021   0.691906   0.354278   0.468612
       157    0.49635   0.620539   0.451379   0.522611
       158    0.29833   0.372514   0.115991     0.1769
       159   0.406441   0.172464  0.0669668  0.0964734
       160    0.49845   0.429126   0.447015   0.437887
       161    0.49805   0.223878   0.199742   0.211123
       162   0.139214   0.272097  0.0963781   0.142339
       163   0.268627   0.379765   0.188364   0.251823
       164   0.406241   0.312195    0.13913   0.192481
       165   0.406041      0.348   0.244726   0.287366
       166   0.267427    0.29822   0.156664   0.205416
       167   0.406041   0.130435  0.0564706  0.0788177
       168   0.405941   0.346614   0.330296   0.338258
       169    0.49955   0.331132    0.21182   0.258367
       170    0.49755   0.372672   0.202127   0.262099
       171   0.408241  0.0896226  0.0935961  0.0915663
       172   0.406541   0.262411   0.111111   0.156118
       173   0.405941   0.294118   0.114577   0.164911
       174    0.49685   0.723601   0.373714   0.492875
       175   0.306931   0.342797   0.142296    0.20111
       176   0.405941   0.271938    0.15235   0.195291
       177   0.210221   0.279736   0.120151   0.168101
       178   0.208021   0.557692     0.5625   0.560086
       179    0.49715    0.46619   0.306663   0.369962
       180   0.426343    0.54771   0.295572   0.383946
       181    0.49745   0.242315   0.156683    0.19031
       182    0.49805   0.257149   0.193968   0.221134
       183   0.207921    0.40367   0.292359   0.339114
       184    0.49885   0.345455   0.215597   0.265498
       185   0.406041   0.679842   0.363636   0.473829
       186   0.426243   0.316947   0.170139   0.221419
       187   0.408941   0.490698   0.254677    0.33532
       188   0.109511    0.37931   0.110429   0.171058
       189   0.267927   0.538627   0.330916   0.409963
       190    0.49705   0.193619   0.181609   0.187422
       191   0.407241   0.461187   0.147733   0.223781
       192   0.019902   0.759292   0.656968   0.704433
       193    0.49735   0.206008   0.135048   0.163146
       194   0.406541   0.444211   0.117092   0.185332
       195    0.49785    0.24628   0.272504   0.258729
       196    0.49885   0.231591   0.168919   0.195352
       197   0.409241   0.177914   0.088685   0.118367
       198   0.307031   0.618529   0.486081   0.544365
       199    0.49785   0.337835    0.29521   0.315087
       200  0.0594059   0.325103   0.124409   0.179954
       201   0.406241   0.247423    0.17316   0.203735
       202    0.49645   0.605066   0.316017   0.415188
       203    0.49795  0.0670229   0.070033  0.0684949
       204    0.49625    0.54693   0.358959   0.433443
       205    0.09971    0.48149   0.340203     0.3987
       206    0.49755   0.397133   0.271564   0.322558
       207   0.406741    0.40163   0.118151   0.182588
       208    0.49645   0.277542   0.175095   0.214725
       209   0.405941   0.371743   0.144979   0.208603
       210    0.49735   0.202956   0.209596   0.206223
       211   0.405941   0.358255   0.126792   0.187296
       212    0.49765   0.184179   0.274438   0.220427
       213   0.207921   0.265753  0.0976346   0.142805
       214  0.0312031   0.430429    0.11015   0.175411
       215  0.0112011   0.533958   0.294574   0.379684
       216    0.49925   0.376403   0.220215   0.277865
       217    0.49895    0.19229    0.20775   0.199721
       218    0.49675   0.191487   0.115333   0.143959
       219   0.268127   0.288577   0.144289   0.192385
       220   0.277328   0.458244   0.216819    0.29436
       221    0.49685   0.403328   0.214364   0.279942
       222   0.327833   0.319871   0.111034   0.164846
       223    0.49845   0.318986    0.27502   0.295376
       224    0.49795   0.271349   0.147347   0.190986
       225   0.330033   0.333877   0.236487   0.276868
       226   0.141614   0.342105   0.147847   0.206466
       227   0.445845   0.503856   0.121287   0.195511
       228   0.329833   0.322732     0.2896    0.30527
       229    0.49755   0.523082   0.430388   0.472229
       230   0.409641    0.27451  0.0638298   0.103576
       231    0.49915   0.359314   0.406635   0.381513
       232    0.49545   0.311372   0.175204   0.224235
       233   0.405941    0.74677   0.668981   0.705739
       234   0.405941   0.251004  0.0907112   0.133262
       235   0.328933   0.439632   0.187717   0.263096
       236   0.330233   0.288019    0.23875   0.261081
       237   0.029703  0.0900901  0.0571429  0.0699301
       238   0.405941   0.551072   0.269753   0.362205
       239   0.306931   0.451681   0.227513   0.302604
       240   0.406041   0.371773   0.170213   0.233514
       241    0.49775   0.308748   0.332999   0.320415
       242   0.330733   0.180318   0.171394   0.175743
       243    0.49855   0.322052   0.312783    0.31735
       244   0.269627   0.641345   0.262755   0.372783
       245   0.267327   0.614604   0.162641   0.257216
       246   0.405941   0.345196   0.208827   0.260228
       247   0.309931    0.35725   0.134345   0.195261
       248   0.217922   0.358382  0.0791826   0.129707
       249   0.406541   0.236573   0.088644   0.128965
       250    0.49645   0.279539    0.19703   0.231142
       251    0.49695  0.0976997   0.274208   0.144068
       252   0.217822   0.444628   0.154598   0.229424
       253    0.49805   0.221288   0.211057   0.216051
       254    0.49615   0.262268   0.236641   0.248796
       255    0.49745   0.419461   0.338968   0.374943
       256    0.49585   0.548883   0.278879   0.369846
       257   0.272027   0.409439   0.145249   0.214429
       258   0.331533    0.29534   0.189477    0.23085
       259   0.231023    0.13986  0.0966184   0.114286
       260   0.139214   0.803618   0.543706   0.648592
       261   0.330233   0.378448   0.361528   0.369794
       262   0.209221   0.202568   0.149317   0.171913
       263    0.49815   0.432833   0.435092   0.433959
       264   0.405941   0.268344    0.11819   0.164103
       265   0.307231   0.186352  0.0407577  0.0668865
       266   0.268627   0.478208   0.141122   0.217931
       267   0.118812   0.708589   0.197774   0.309237
       268    0.49675   0.372351   0.457171   0.410424
       269   0.268127   0.457293   0.124686   0.195946
       270   0.405941   0.322449   0.220056   0.261589
       271    0.49795   0.343613    0.44738    0.38869
       272    0.49735   0.310042   0.236609   0.268393
       273   0.308231   0.188248  0.0875506   0.119516
       274   0.268127   0.157165  0.0699109  0.0967742
       275    0.49605   0.579608   0.323144   0.414946
       276    0.49815   0.318139   0.262103   0.287415
       277   0.409241   0.326247   0.163995   0.218271
       278   0.327233   0.384246  0.0782175   0.129977
       279   0.425843   0.234064   0.184169    0.20614
       280   0.405941   0.546606   0.206003   0.299232
       281   0.330733   0.288853   0.232928   0.257894
       282   0.307031   0.180867   0.124486   0.147471
       283   0.410641   0.367273   0.142254   0.205076
       284    0.49565    0.45442   0.485786    0.46958
       285    0.49765   0.503948   0.352271   0.414675
       286   0.329733   0.191403   0.157655   0.172898
       287   0.109511   0.157343  0.0556242  0.0821918
       288   0.208721   0.423214   0.351111   0.383806
       289   0.330233   0.352491     0.3745   0.363162
       290    0.49675   0.154153   0.114429   0.131353
       291    0.49785   0.295298   0.164615    0.21139
       292   0.429443   0.503401   0.171098   0.255393
       293   0.108911   0.742188   0.488432   0.589147
       294   0.405941   0.607676   0.351201   0.445139
       295   0.328233   0.280752   0.166265   0.208848
       296   0.172017   0.199659  0.0646766  0.0977035
       297   0.327333    0.16047  0.0699659   0.097445
       298   0.415942   0.507576   0.220274   0.307222
       299   0.406441    0.52924   0.258203   0.347076
       300   0.268127   0.482419   0.138754    0.21552
       301    0.49825   0.395626   0.348092    0.37034
       302    0.49815   0.244278   0.237638   0.240912
       303   0.267327   0.210393   0.121612   0.154132
       304   0.169117   0.467078   0.214556   0.294041
       305   0.406141   0.239569   0.162557   0.193689
       306   0.409241   0.459487   0.236912   0.312631
       307   0.406041    0.18665   0.160638    0.17267
       308   0.307231    0.32963   0.151018   0.207137
       309   0.485149   0.724551   0.382911   0.501035
       310    0.49795   0.156007   0.187496   0.170308
       311   0.307031   0.379762   0.263419   0.311068
       312   0.406041    0.27957   0.096475   0.143448
       313   0.405941   0.276573    0.17562   0.214827
       314   0.307531   0.284706   0.178994     0.2198
       315   0.209221   0.393258   0.275591   0.324074
       316   0.307031   0.308383   0.163233   0.213472
       317    0.49745   0.186992   0.148156   0.165324
       318   0.405941  0.0974359  0.0530726  0.0687161
       319   0.306931   0.482109    0.17309   0.254726
       320   0.227723   0.673099   0.546544   0.603255
       321   0.406041   0.211024   0.145969   0.172569
       322    0.49795    0.13229     0.2399   0.170538
       323   0.406541   0.263203   0.159032   0.198268
       324   0.207921   0.552448   0.287012   0.377764
       325    0.49795     0.4072   0.206258   0.273819
       326    0.49805   0.305932   0.197133   0.239768
       327   0.406041   0.408054   0.243006   0.304609
       328   0.306931   0.302469   0.157556   0.207188
       329   0.409241   0.299712   0.161491   0.209889
       330   0.267327   0.278716   0.124341   0.171965
       331   0.406041   0.444444    0.23796   0.309963
       332   0.267627   0.685451   0.189733   0.297201
       333   0.268627   0.265319   0.106762   0.152257
       334    0.49735   0.184973  0.0881952   0.119441
       335   0.405941   0.184211  0.0785047   0.110092
       336   0.405941   0.274376   0.133998    0.18006
       337   0.267427   0.542914   0.141006   0.223868
       338   0.331033   0.207283   0.166336   0.184566
       339  0.0693069   0.404601   0.130226   0.197035
       340   0.308231   0.117647   0.029316  0.0469361
       341   0.485149   0.563441   0.153486   0.241252
       342   0.207921   0.393178   0.156989   0.224385
       343   0.108911   0.374532     0.1443   0.208333
       344    0.49705   0.430756   0.444839   0.437684
       345   0.158416   0.459524   0.208198   0.286563
       346   0.267927   0.224599  0.0528302  0.0855397
       347   0.406341   0.102941   0.037037  0.0544747
       348   0.140614   0.471519   0.334831    0.39159
       349   0.273927   0.240069  0.0950103   0.136141
       350   0.405941   0.692771   0.192415   0.301179
       351   0.406041   0.533516   0.289103      0.375
       352   0.405941   0.302862   0.157314   0.207071
       353    0.49715   0.531624   0.291877   0.376851
       354   0.217822    0.49812    0.20229   0.287731
       355    0.49805   0.117201   0.118451   0.117823
       356   0.407241   0.242634   0.115416   0.156425
       357    0.49615   0.445683   0.250882   0.321043
       358    0.49775   0.148108  0.0876649   0.110139
       359   0.330233   0.304602   0.316068   0.310229
       360   0.366637   0.218659   0.049867  0.0812128
       361    0.49525   0.310389   0.268244   0.287782
       362    0.49635   0.435124   0.221869   0.293886
       363    0.49785   0.194639   0.220486   0.206758
       364   0.329233   0.135875   0.127035   0.131306
       365    0.49735   0.237963   0.352375   0.284082
       366   0.330033   0.180096   0.143659   0.159827
       367   0.306931   0.277946   0.119636   0.167273
       368   0.306931   0.519833   0.183764   0.271538
       369   0.267327   0.328685   0.115871    0.17134
       370   0.406041   0.205521   0.117031   0.149137
       371    0.49535   0.464022   0.216407   0.295159
       372    0.49645   0.404631   0.262462   0.318397
       373   0.267327    0.32294   0.140504   0.195814
       374   0.406541   0.546448   0.227169   0.320924
       375   0.109511   0.212632   0.144699   0.172208
       376   0.267927   0.307359  0.0705765   0.114794
       377    0.49695   0.320076   0.228611    0.26672
       378   0.267327   0.251101  0.0929853   0.135714
       379   0.407941   0.314496   0.132368   0.186317
       380   0.208021   0.628415   0.236951    0.34414
       381 0.00990099          0          0          0
       382   0.307731   0.249315    0.10011   0.142857
       383  0.0594059   0.497219   0.229938   0.314457
       384   0.426543   0.312162   0.164647   0.215586
       385   0.327933   0.467942   0.142147   0.218055
       386   0.108911   0.508741   0.284736   0.365119
       387    0.49825    0.17285   0.232724   0.198367
       388    0.49605   0.317645   0.172051   0.223205
       389    0.49975   0.169957   0.135804   0.150973
       390    0.49735   0.307798   0.421301   0.355715
       391    0.49645   0.385039   0.375129    0.38002
       392   0.090409   0.238971   0.145089   0.180556
       393   0.425843   0.433798   0.289367   0.347159
       394   0.406041   0.648968   0.518868   0.576671
       395    0.49915   0.171614   0.109389   0.133612
       396   0.108911   0.396978   0.190257   0.257232
       397   0.425843   0.555147   0.232666   0.327904
       398   0.405941   0.461268    0.17013   0.248577
       399   0.405941   0.321131   0.125243   0.180205
       400   0.287229        0.4    0.13674   0.203809
       401   0.269627   0.373016    0.13848   0.201977
       402   0.408241   0.154745  0.0509861  0.0767004
       403   0.189419   0.493213    0.12206   0.195691
       404    0.49745   0.393783   0.247729    0.30413
       405   0.406041   0.309021   0.145438   0.197789
       406    0.49775   0.269964   0.231766   0.249411
       407   0.406041   0.322314  0.0555952  0.0948328
       408   0.109011   0.183857  0.0755064    0.10705
       409   0.277328   0.398765   0.199014   0.265516
       410   0.173017   0.274247    0.08308   0.127527
       411   0.267427   0.542169   0.208575   0.301255
       412   0.405941  0.0519481  0.0549451  0.0534045
       413   0.405941   0.460177   0.175422   0.254013
       414   0.329433   0.293818   0.275392   0.284307
       415   0.328733   0.258122   0.159838   0.197424
       416   0.405941   0.411321   0.173844   0.244395
       417   0.465447   0.503458   0.246612    0.33106
       418   0.269627   0.463768   0.108622   0.176018
       419    0.49915   0.276608   0.160748   0.203331
       420    0.49725   0.377204   0.324515   0.348881
       421   0.435744   0.262887   0.131868   0.175635
       422    0.49865   0.410403   0.457216   0.432547
       423   0.407441   0.147482  0.0369702  0.0591204
       424   0.406041   0.260519   0.183596   0.215396
       425   0.306931   0.438138   0.295559   0.352995
       426    0.49585   0.288726   0.147599   0.195339
       427    0.49635   0.179798   0.161125    0.16995
       428    0.49845   0.333906   0.282844   0.306261
       429    0.49565   0.516689   0.159501   0.243756
       430   0.415842   0.813348   0.784079   0.798445
       431   0.327533   0.472685   0.181671   0.262466
       432   0.207921   0.644205   0.210944   0.317819
       433   0.251425    0.22389   0.245202   0.234062
       434   0.267327   0.295758  0.0868637   0.134287
       435    0.49725   0.423002    0.28142   0.337983
       436   0.208221   0.514388   0.171875   0.257658
       437   0.405941    0.47185   0.250712   0.327442
       438   0.267327   0.455197   0.125062   0.196215
       439   0.268327   0.428571   0.145161   0.216867
       440    0.49655   0.235572   0.278133   0.255089
       441   0.406041   0.225131  0.0924731   0.131098
       442   0.405941   0.538293   0.341193   0.417657
       443    0.49785   0.114512   0.121961   0.118119
       444   0.406041   0.387263   0.220157   0.280724
       445   0.010001   0.284863   0.214928   0.245003
       446   0.409241   0.333333   0.125362     0.1822
       447    0.49775   0.146235   0.133513   0.139584
       448   0.405941   0.602471   0.329099   0.425674
       449   0.406441   0.352798   0.137441   0.197817
       450    0.49675   0.247486   0.195067   0.218172
       451   0.207921   0.160944  0.0642674  0.0918555
       452   0.328233   0.529717   0.188011   0.277522
       453    0.49865   0.423235   0.306861   0.355774
       454    0.49625    0.16373   0.103351   0.126716
       455   0.405941   0.563975    0.29712   0.389198
       456    0.49695   0.277828   0.336856   0.304507
       457   0.327233   0.376033   0.192797   0.254902
       458   0.209221   0.818444    0.50444   0.624176
       459    0.49515   0.281878  0.0991246   0.146671
       460   0.406241   0.514541   0.429907   0.468432
       461   0.409241   0.213018   0.106195   0.141732
       462   0.406241   0.326797   0.145349   0.201207
       463   0.330133   0.189537   0.268725   0.222289
       464   0.316832   0.577348   0.361592   0.444681
       465    0.49545   0.664108   0.465647   0.547446
       466   0.405941   0.580769   0.192848   0.289549
       467   0.407241   0.407277   0.137972   0.206118
       468    0.49675   0.542398   0.348189   0.424118
       469   0.287229   0.304288   0.102948   0.153846
       470   0.138714   0.592391   0.185585   0.282627
       471   0.306931   0.319975   0.256423   0.284696
       472   0.248325   0.276961   0.070802   0.112774
       473   0.210221   0.504732   0.299625   0.376028
       474   0.406041   0.520373    0.24792   0.335838
       475    0.80208     0.0752  0.0448902  0.0562201
       476   0.329733   0.169164   0.220432   0.191425
       477   0.328933   0.268001   0.213359   0.237579
       478   0.329833   0.402351   0.273031    0.32531
       479   0.406041   0.405694   0.261618   0.318103
       480   0.405941   0.459827   0.142311   0.217353
       481    0.49795   0.421479   0.227214   0.295258
       482   0.405941   0.313099  0.0823184   0.130362
       483   0.406241   0.376786   0.104871   0.164075
       484    0.49775   0.517623   0.318401   0.394275
       485   0.405941   0.426108  0.0824595   0.138179
       486   0.287229   0.367677   0.157032   0.220073
       487    0.49805   0.421527   0.203342   0.274343
       488    0.49815  0.0910655   0.168322   0.118189
       489   0.329633   0.467581   0.276645    0.34762
       490   0.406041   0.454637   0.286713   0.351657
       491   0.416442   0.453287   0.215993   0.292574
       492   0.405941   0.316514   0.127542   0.181818
       493   0.307531  0.0833333  0.0348432    0.04914
       494   0.010001   0.218868   0.116116   0.151733
       495   0.267927   0.283133  0.0907336   0.137427
       496   0.307731    0.55157   0.249746   0.343816
       497   0.329133   0.451863   0.376229   0.410592
       498   0.251125   0.274896   0.334561   0.301808
       499   0.406041   0.113971  0.0679825  0.0851648
       500   0.406041   0.214067  0.0825147   0.119115
       501   0.010201   0.159864   0.291202   0.206412
       502    0.49735   0.446721   0.485221   0.465176
       503   0.306931   0.556273   0.299851   0.389661
       504   0.407941   0.553209    0.34481   0.424828
       505   0.168917    0.39313   0.139001   0.205384
       506   0.406241     0.3708   0.193705   0.254473
       507    0.49675   0.322527   0.154053   0.208512
       508   0.211221   0.495575   0.229195   0.313433
       509   0.328333   0.291558   0.120932   0.170955
       510   0.330633   0.253944   0.175063   0.207252
       511    0.49715   0.259666   0.402992   0.315829
       512   0.208521   0.221284   0.115114   0.151445
       513    0.49795   0.374272   0.312219   0.340441
       514   0.228023   0.665584    0.46697   0.548862
       515   0.406041   0.419608   0.212302    0.28195
       516   0.405941   0.484605   0.150708   0.229914
       517    0.49885   0.325646   0.283477   0.303102
       518   0.406041   0.515487   0.256326   0.342395
       519   0.425843   0.709611   0.239972   0.358656
       520   0.405941   0.380282   0.170526   0.235465
       521   0.307531   0.320755   0.161685   0.214995
       522   0.406041   0.514563   0.106283   0.176177
       523   0.267427    0.36671   0.123522   0.184797
       524    0.49955   0.322405   0.218577   0.260528
       525    0.49735   0.514161   0.490894   0.502258
       526   0.307231   0.256078   0.164412   0.200253
       527   0.328533   0.472535   0.152081   0.230105
       528  0.0107011   0.430203    0.45749   0.443427
       529    0.49765    0.44304   0.186335   0.262335
       530    0.49515   0.286182   0.105102   0.153742
       531   0.267327   0.360424   0.131783   0.192999
       532   0.405941   0.231857   0.202469   0.216169
       533   0.406041   0.306017  0.0981044   0.148577
       534  0.0726073    0.45641  0.0942131   0.156186
       535   0.429043   0.306273   0.105263   0.156678
       536    0.49775   0.236045   0.201557   0.217442
       537   0.356536   0.383197   0.151663   0.217316
       538   0.109011   0.231231   0.255814   0.242902
       539   0.330933   0.241781   0.338806   0.282186
       540   0.307531   0.378659   0.113533    0.17469
       541 0.00990099          0          0          0
       542   0.217922   0.194064   0.143824   0.165209
       543   0.405941   0.560137   0.538843   0.549284
       544   0.405941   0.623557   0.511364   0.561915
       545   0.330633   0.254294   0.299124   0.274893
       546   0.307031   0.226212  0.0894886   0.128244
       547   0.405941   0.395489   0.183531   0.250715
       548   0.267327   0.557692   0.156124   0.243954
       549   0.268127    0.41791   0.147524   0.218069
       550   0.208221   0.348718   0.164649   0.223684
       551   0.188419   0.632692   0.423969   0.507716
       552    0.80258   0.304094        0.4   0.345515
       553   0.407241      0.316  0.0939358   0.144821
       554   0.208521   0.211078    0.08645   0.122662
       555   0.208521   0.414608   0.205977   0.275223
       556   0.328333   0.246467   0.252606   0.249499
       557   0.306931    0.83687   0.642566   0.726959
       558    0.49745   0.174908   0.322294   0.226756
       559   0.408241   0.271044   0.165638   0.205619
       560   0.269627   0.725532   0.259316   0.382073
       561   0.329933   0.348371    0.24273    0.28611
       562   0.409941   0.257426  0.0628272   0.101004
       563    0.49725    0.11188   0.151097   0.128564
       564    0.49675   0.221587   0.140571   0.172017
       565   0.406741   0.615735   0.289079   0.393443
       566   0.208021   0.246177   0.135522    0.17481
       567    0.49985   0.399726     0.3752   0.387075
       568   0.409941   0.180778  0.0772239   0.108219
       569    0.49615   0.562081   0.205458    0.30092
       570   0.010001   0.386921   0.152853   0.219136
       571   0.409941  0.0668896  0.0511509   0.057971
       572   0.128713   0.672244   0.529047   0.592111
       573   0.316832   0.446701    0.23219   0.305556
       574   0.329933    0.20357   0.312697     0.2466
       575  0.0891089   0.411514        0.2   0.269177
       576   0.425843   0.371981   0.117244   0.178292
       577    0.49845   0.204968   0.247504   0.224237
       578   0.406041   0.675393   0.254312   0.369495
       579   0.405941    0.25931   0.258597   0.258953
       580   0.446845   0.302575   0.203757   0.243523
       581    0.49765   0.230788   0.139597   0.173967
       582   0.267327      0.824   0.256645   0.391387
       583   0.330633   0.413636   0.310232   0.354548
       584   0.328233   0.350147   0.247291   0.289865
       585   0.267427    0.82243   0.266465   0.402516
       586   0.267527   0.268657  0.0988332   0.144506
       587    0.49635    0.44239   0.182752   0.258654
       588   0.269627   0.411765   0.108527   0.171779
       589   0.436244   0.621622   0.269006    0.37551
       590    0.49675   0.251878   0.311602   0.278575
       591   0.208021   0.723577   0.529762   0.611684
       592   0.267427   0.570652   0.324408   0.413657
       593   0.069907   0.304878   0.152905   0.203666
       594   0.328333   0.227673    0.10356   0.142364
       595   0.207921   0.497196   0.194161   0.279265
       596   0.409241   0.539723   0.181973   0.272178
       597    0.49685   0.352913   0.307963   0.328909
       598   0.112911   0.186317  0.0641926  0.0954868
       599    0.49895   0.341056   0.347526   0.344261
       600   0.208221   0.522472   0.413333   0.461538
       601   0.247525   0.266667   0.172205    0.20927
       602   0.267327   0.272727  0.0558882  0.0927664
       603   0.405941    0.28797   0.172366   0.215652
       604    0.49565   0.278198    0.18799   0.224366
       605   0.138614   0.428797   0.187284   0.260702
       606   0.605261  0.0108696  0.0414201  0.0172202
       607    0.49785   0.175611   0.161972   0.168516
       608   0.409241   0.335965   0.211836   0.259837
       609    0.49585   0.556358   0.209948   0.304855
       610   0.405941        0.5   0.268017   0.348972
       611   0.408241   0.156156   0.203125    0.17657
       612    0.80198   0.392989   0.226115   0.287062
       613    0.49795   0.263496   0.181549   0.214978
       614   0.327933   0.549276   0.463763    0.50291
       615   0.330033   0.519694   0.404428   0.454873
       616   0.416442   0.658177   0.241396   0.353237
       617   0.329733    0.18366   0.110626   0.138081
       618    0.49845   0.171899   0.141929   0.155483
       619   0.406041   0.319209   0.148978   0.203146
       620   0.405941   0.145833  0.0545455  0.0793951
       621   0.267427   0.463554   0.176343   0.255493
       622   0.287729   0.710076   0.183088   0.291115
       623    0.49735   0.251371   0.392314   0.306412
       624   0.406041   0.392023   0.198424   0.263485
       625   0.405941   0.262873   0.115202   0.160198
       626   0.405941   0.569307   0.257655   0.354756
       627   0.030303   0.672857   0.266252   0.381531
       628    0.49865    0.34434   0.431888   0.383177
       629   0.408941   0.343799   0.204101    0.25614
       630    0.49895   0.222984   0.402324   0.286936
       631    0.49585   0.427338   0.181298   0.254587
       632   0.406241   0.396201   0.121313   0.185751
       633   0.207921   0.279835   0.160757   0.204204
       634 0.00990099   0.587888   0.404883   0.479518
       635   0.267427    0.49404    0.28003   0.357451
       636   0.407241   0.425801   0.152384   0.224444
       637   0.406241   0.334091   0.162252   0.218425
       638    0.49795   0.413002   0.142748   0.212164
       639   0.207921   0.349515   0.184143   0.241206
       640   0.405941   0.311039   0.251576   0.278165
       641    0.49715   0.368531   0.345442   0.356614
       642    0.49785   0.104646   0.231006   0.144042
       643   0.407341   0.424092   0.143656   0.214614
       644   0.406041   0.376906   0.124282   0.186926
       645   0.109211   0.088785  0.0599369  0.0715631
       646   0.307731   0.294872    0.19852   0.237288
       647    0.49675   0.340526   0.153065   0.211198
       648   0.407641   0.324723  0.0532365  0.0914761
       649    0.49675   0.557324   0.481696   0.516758
       650   0.405941    0.59901   0.227995   0.330279
       651   0.330833   0.330193   0.230529   0.271503
       652   0.209221   0.394231   0.156831   0.224394
       653   0.269627    0.27918  0.0754154   0.118752
       654   0.267327   0.239382   0.191358   0.212693
       655   0.329133    0.46521   0.270317   0.341943
       656   0.108911   0.268608    0.12989   0.175105
       657   0.208021   0.495399   0.157101   0.238552
       658    0.49555   0.489438   0.145525   0.224346
       659    0.49615   0.226884    0.11562    0.15318
       660    0.49805   0.175162   0.246665   0.204853
       661   0.049505   0.215909   0.118503    0.15302
       662   0.426043   0.612403   0.252235   0.357304
       663  0.0805081   0.362637   0.127086   0.188213
       664   0.330833   0.439908   0.361659   0.396964
       665   0.406041   0.437202   0.181279   0.256291
       666   0.330733   0.414849   0.255101   0.315929
       667   0.267927   0.287059  0.0697143   0.112184
       668   0.327733   0.371515   0.274313   0.315599
       669   0.247625   0.334416   0.101378   0.155589
       670    0.49775   0.261949   0.298993   0.279248
       671 0.00990099   0.309598   0.224719   0.260417
       672   0.408241   0.472656   0.137344   0.212841
       673   0.247625   0.479333   0.234927   0.315314
       674   0.465447   0.314204   0.142578   0.196149
       675    0.49775   0.508204   0.410523   0.454171
       676   0.267327   0.470874   0.081822   0.139418
       677   0.405941   0.264259    0.24216   0.252727
       678   0.406541   0.296601   0.164948   0.211999
       679   0.406541   0.154574  0.0724852  0.0986908
       680    0.49805   0.145207   0.123105   0.133246
       681   0.406741   0.213936  0.0718981   0.107626
       682    0.49755   0.172232  0.0985301    0.12535
       683   0.406541   0.117444   0.036036    0.05515
       684    0.49695   0.338219   0.442745   0.383487
       685   0.247525   0.534161    0.20331   0.294521
       686   0.406541   0.472727   0.191377   0.272455
       687    0.49625   0.504605   0.318061   0.390183
       688   0.407441   0.484252   0.176521   0.258729
       689   0.267327    0.28013   0.132512   0.179916
       690    0.49835   0.274156   0.248654   0.260783
       691    0.50105   0.307148   0.222747   0.258226
       692   0.406541   0.402214    0.11191     0.1751
       693    0.49705   0.352765   0.369507   0.360942
       694   0.406041   0.379661   0.173375   0.238045
       695   0.326933   0.318059   0.145092   0.199277
       696   0.406041   0.453024    0.37931   0.412903
       697  0.0112011    0.30581   0.229358   0.262123
       698   0.408541   0.218391   0.102395   0.139421
       699   0.207921   0.444015   0.322129   0.373377
       700   0.406441   0.211838   0.061762  0.0956399
       701   0.406541   0.325581   0.236546   0.274012
       702   0.010001   0.573835   0.401247   0.472268
       703   0.405941   0.256649  0.0969362   0.140722
       704   0.208021   0.259878   0.196326   0.223676
       705   0.426343   0.571429   0.339089   0.425616
       706   0.329633   0.411307   0.300687   0.347404
       707   0.208021    0.37859   0.210145    0.27027
       708   0.415842   0.461822   0.180446   0.259499
       709   0.427043   0.450068    0.16483   0.241291
       710   0.268627   0.319516  0.0749291   0.121391
       711   0.408241   0.407703   0.107305   0.169895
       712   0.317432   0.484772   0.366837   0.417638
       713   0.267327        0.4    0.12064   0.185371
       714  0.0709071   0.635922   0.214169   0.320424
       715    0.49785   0.186935   0.161448   0.173259
       716   0.406541   0.385768   0.156535   0.222703
       717   0.267327   0.741048   0.258492   0.383286
       718   0.308431   0.456364   0.266172   0.336236
       719   0.485249   0.342553   0.111883   0.168675
       720   0.310631   0.437601   0.439739   0.438668
       721   0.207921   0.368932   0.110385   0.169927
       722   0.406041   0.352369   0.129176   0.189048
       723   0.406541    0.20438  0.0732984     0.1079
       724    0.49705   0.221307   0.259671   0.238959
       725   0.406041   0.732044   0.306358   0.431948
       726  0.0723072    0.38254   0.335188   0.357302
       727   0.207921   0.515012   0.156272   0.239785
       728   0.306931   0.208255  0.0784452   0.113963
       729   0.267327   0.363102   0.182301   0.242734
       730   0.109511   0.774566    0.31716   0.450042
       731  0.0694069   0.765864   0.507983    0.61082
       732    0.49745   0.303749    0.42392   0.353911
       733    0.29713   0.318991   0.290148   0.303887
       734   0.410641   0.570953   0.234838   0.332795
       735   0.405941   0.608187   0.186547   0.285518
       736   0.326833   0.462845    0.22177   0.299862
       737    0.49805   0.337573   0.285835   0.309557
       738   0.307031   0.324873   0.112577   0.167211
       739   0.010001   0.353825      0.175   0.234177
       740   0.326733   0.730841   0.263477    0.38732
       741  0.0594059    0.24846   0.156129   0.191759
       742    0.49755   0.266968   0.132553   0.177149
       743   0.405941   0.290541  0.0956264   0.143893
       744   0.306931   0.348006   0.132808   0.192249
