0.00990099    0.40879   0.167706   0.237838
  0.019802    0.40875   0.167691   0.237817
  0.029703    0.40876   0.167707   0.237834
  0.039604    0.40876   0.167708   0.237836
  0.049505   0.408752   0.167725   0.237852
 0.0594059   0.408724   0.167771   0.237893
 0.0693069   0.408497    0.16829   0.238376
 0.0792079   0.408529   0.168303   0.238394
 0.0891089   0.408485    0.16831   0.238393
 0.0990099   0.408508    0.16832   0.238407
  0.108911   0.407794   0.169718   0.239683
  0.118812   0.407809   0.169724   0.239692
  0.128713   0.407766   0.169728   0.239688
  0.138614   0.407364   0.170301    0.24019
  0.148515   0.407334   0.170289   0.240172
  0.158416     0.4073   0.170333    0.24021
  0.168317   0.406408   0.170295   0.240017
  0.178218   0.406378   0.170283       0.24
  0.188119   0.406382   0.170291   0.240008
   0.19802   0.406342   0.170274   0.239984
  0.207921   0.403824   0.172285   0.241526
  0.217822   0.403805   0.172281   0.241519
  0.227723   0.403835   0.172293   0.241537
  0.237624   0.403816   0.172285   0.241525
  0.247525   0.403809   0.172296   0.241535
  0.257426   0.399852   0.172554   0.241073
  0.267327   0.399308   0.173071   0.241479
  0.277228   0.399299   0.173068   0.241474
  0.287129   0.399259    0.17305   0.241449
   0.29703   0.399263   0.173052   0.241452
  0.306931   0.398119   0.174378   0.242528
  0.316832   0.398112   0.174375   0.242524
  0.326733   0.398045   0.174355   0.242492
  0.336634   0.307121   0.177788   0.225207
  0.346535   0.307125   0.177791    0.22521
  0.356436     0.3071   0.177776   0.225192
  0.366337    0.30715   0.177807    0.22523
  0.376238   0.307108   0.177783   0.225199
  0.386139   0.307125   0.177792   0.225211
   0.39604   0.307116   0.177787   0.225205
  0.405941   0.305393   0.179488   0.226094
  0.415842   0.305372   0.179475   0.226078
  0.425743   0.305396   0.179489   0.226096
  0.435644   0.305396   0.179489   0.226096
  0.445545     0.3054   0.179492   0.226099
  0.455446   0.305387   0.179484    0.22609
  0.465347   0.305396   0.179489   0.226096
  0.475248    0.30541   0.179498   0.226107
  0.485149     0.3054   0.179494   0.226101
   0.49505   0.305396   0.179492   0.226098
   0.50495  0.0158297   0.217324    0.02951
  0.514851  0.0158318   0.217353  0.0295139
  0.524752  0.0158318   0.217353  0.0295139
  0.534653  0.0158043    0.21806  0.0294725
  0.544554  0.0158022   0.218031  0.0294686
  0.554455  0.0158043    0.21806  0.0294725
  0.564356  0.0158043    0.21806  0.0294725
  0.574257  0.0158043    0.21806  0.0294725
  0.584158  0.0158022   0.218031  0.0294686
  0.594059  0.0158043    0.21806  0.0294725
   0.60396  0.0157683   0.220726  0.0294338
  0.613861  0.0157683   0.220726  0.0294338
  0.623762  0.0157704   0.220755  0.0294378
  0.633663  0.0157683   0.220726  0.0294338
  0.643564  0.0157683   0.220739  0.0294339
  0.653465  0.0157683   0.220739  0.0294339
  0.663366  0.0157683   0.220739  0.0294339
  0.673267  0.0107326   0.225457  0.0204898
  0.683168  0.0107326   0.225457  0.0204898
  0.693069  0.0107305   0.225413  0.0204857
   0.70297  0.0107305   0.225413  0.0204857
  0.712871  0.0107326   0.225457  0.0204898
  0.722772  0.0107283   0.225368  0.0204817
  0.732673  0.0107326   0.225457  0.0204898
  0.742574  0.0107326   0.225457  0.0204898
  0.752475  0.0106415   0.224935  0.0203215
  0.762376  0.0106415   0.224935  0.0203215
  0.772277  0.0106393    0.22489  0.0203175
  0.782178  0.0106415   0.224935  0.0203215
  0.792079  0.0106415   0.224935  0.0203215
   0.80198  0.0105482   0.227947  0.0201633
  0.811881  0.0105482   0.227947  0.0201633
  0.821782  0.0105482   0.227947  0.0201633
  0.831683  0.0105503   0.227993  0.0201674
  0.841584  0.0105461   0.227912  0.0201593
  0.851485  0.0105482   0.227958  0.0201634
  0.861386  0.0105482   0.227958  0.0201634
  0.871287  0.0105461   0.227912  0.0201593
  0.881188  0.0105418    0.22782  0.0201512
  0.891089  0.0105461   0.227912  0.0201593
   0.90099  0.0105461   0.227912  0.0201593
  0.910891  0.0105461   0.227912  0.0201593
  0.920792  0.0105461   0.227912  0.0201593
  0.930693  0.0105482   0.227958  0.0201634
  0.940594  0.0105461   0.227912  0.0201593
  0.950495  0.0105461   0.227912  0.0201593
  0.960396  0.0105461   0.227912  0.0201593
  0.970297  0.0105461   0.227912  0.0201593
  0.980198  0.0105482   0.227958  0.0201634
  0.990099  0.0105482   0.227958  0.0201634
