0.00990099   0.731322   0.102813   0.180282
  0.019802   0.723289   0.106415   0.185533
  0.029703   0.714679    0.10957   0.190009
  0.039604   0.705317   0.112746   0.194415
  0.049505   0.695401   0.116003   0.198838
 0.0594059   0.685735    0.11938   0.203357
 0.0693069   0.675284   0.122664   0.207615
 0.0792079   0.664625   0.125967   0.211792
 0.0891089   0.653427   0.129203   0.215746
 0.0990099   0.641802   0.132359   0.219459
  0.108911   0.630631   0.135573   0.223169
  0.118812   0.619425   0.138793   0.226774
  0.128713   0.608201   0.142095   0.230368
  0.138614   0.596741   0.145399   0.233825
  0.148515   0.585382   0.148707   0.237165
  0.158416   0.573545   0.151992   0.240303
  0.168317   0.561582   0.155242   0.243243
  0.178218   0.549802   0.158577   0.246156
  0.188119   0.537933   0.161891   0.248881
   0.19802   0.525927   0.165158   0.251376
  0.207921   0.513927   0.168512   0.253804
  0.217822   0.501568   0.171771   0.255903
  0.227723   0.489703   0.175184   0.258054
  0.237624   0.477739   0.178639   0.260041
  0.247525   0.466023   0.182172   0.261947
  0.257426     0.4537   0.185726   0.263561
  0.267327   0.441583   0.189304   0.265003
  0.277228   0.429861   0.192991   0.266385
  0.287129   0.417967    0.19674   0.267545
   0.29703   0.405732   0.200371   0.268261
  0.306931   0.393834   0.204023   0.268797
  0.316832    0.38213   0.207871   0.269267
  0.326733   0.370509   0.211702   0.269447
  0.336634   0.359142   0.215691   0.269517
  0.346535   0.348016   0.219635   0.269308
  0.356436   0.337184   0.223694   0.268957
  0.366337   0.325844   0.227436   0.267888
  0.376238   0.315016   0.231551   0.266911
  0.386139   0.303827   0.235261   0.265183
   0.39604   0.292938   0.238972   0.263218
  0.405941   0.282637   0.243033   0.261343
  0.415842   0.272799   0.247207   0.259373
  0.425743   0.263065   0.251298   0.257047
  0.435644   0.253877   0.255602   0.254736
  0.445545   0.244255   0.259678    0.25173
  0.455446   0.235338   0.264249   0.248957
  0.465347   0.226516   0.268804   0.245855
  0.475248   0.217776   0.273246   0.242378
  0.485149   0.209406   0.278179   0.238943
   0.49505   0.201054   0.282644   0.234968
   0.50495   0.193118   0.287382   0.231004
  0.514851   0.185324   0.292198   0.226802
  0.524752    0.17785    0.29723   0.222541
  0.534653   0.170758   0.302481   0.218287
  0.544554   0.164064   0.308292   0.214159
  0.554455   0.157385   0.313368   0.209535
  0.564356   0.150734   0.318622   0.204651
  0.574257   0.144279   0.323796   0.199613
  0.584158   0.137981   0.329354   0.194484
  0.594059   0.131655   0.334793   0.188991
   0.60396   0.125524   0.340491   0.183427
  0.613861   0.119497   0.345722   0.177605
  0.623762   0.113526   0.350664   0.171523
  0.633663   0.107708   0.355611   0.165339
  0.643564   0.102172   0.360616    0.15923
  0.653465  0.0968194   0.365551   0.153091
  0.663366  0.0919831   0.371531   0.147459
  0.673267  0.0870664   0.377023   0.141464
  0.683168  0.0822385   0.382301   0.135359
  0.693069  0.0775334   0.387838   0.129232
   0.70297  0.0730398    0.39272   0.123172
  0.712871  0.0686075    0.39701   0.116997
  0.722772  0.0646407   0.402689   0.111399
  0.732673  0.0607565   0.408943   0.105795
  0.742574  0.0571028   0.414812   0.100386
  0.752475  0.0536882   0.421972  0.0952567
  0.762376   0.050282   0.428489  0.0900025
  0.772277   0.046897   0.434477  0.0846563
  0.782178  0.0437447   0.440649  0.0795885
  0.792079  0.0406623   0.447237  0.0745468
   0.80198  0.0376369   0.453121   0.069501
  0.811881  0.0349226   0.461463  0.0649313
  0.821782   0.032185   0.466886  0.0602187
  0.831683  0.0296462   0.474229  0.0558039
  0.841584  0.0271583   0.478457   0.051399
  0.851485  0.0248374   0.485807  0.0472587
  0.861386  0.0224193   0.490216  0.0428776
  0.871287   0.020073   0.492986  0.0385754
  0.881188  0.0177564   0.493474  0.0342794
  0.891089  0.0155519   0.493521  0.0301537
   0.90099  0.0135209    0.49359  0.0263209
  0.910891  0.0117967   0.495733   0.023045
  0.920792  0.0100598   0.497749   0.019721
  0.930693 0.00847519   0.493775  0.0166643
  0.940594 0.00700483   0.492782  0.0138133
  0.950495 0.00555351   0.482981  0.0109808
  0.960396 0.00422913    0.47823 0.00838412
  0.970297 0.00312901   0.479261 0.00621742
  0.980198 0.00206696   0.466348 0.00411569
  0.990099 0.00107685   0.463993 0.00214872
