         1   0.326733   0.216535   0.183946   0.198915
         2   0.158416   0.629139    0.14445   0.234955
         3   0.346435   0.598463    0.34909   0.440962
         4   0.712871    0.23913   0.407407    0.30137
         5   0.108911   0.546112   0.171008   0.260457
         6   0.346535   0.447368   0.380597    0.41129
         7   0.435644   0.310576   0.340176   0.324703
         8   0.442944    0.31433   0.282301   0.297456
         9   0.227723   0.570106   0.215824   0.313113
        10   0.039604   0.715596  0.0753623   0.136364
        11    0.50495   0.297609   0.388889    0.33718
        12   0.306931   0.582609   0.288379   0.385797
        13   0.188119   0.500843   0.198928   0.284756
        14   0.247525   0.837963   0.781014   0.808487
        15   0.138614   0.763033   0.197789   0.314146
        16   0.138614   0.371585   0.266667   0.310502
        17    0.39604   0.618754   0.555064   0.585181
        18   0.414341   0.295733   0.258201   0.275695
        19   0.287129   0.479227   0.135224   0.210929
        20   0.168317   0.549383   0.117959   0.194217
        21   0.247525   0.536842   0.158385   0.244604
        22   0.376238   0.751391   0.794118   0.772164
        23    0.29703   0.457565   0.326316   0.380952
        24   0.217822   0.475038   0.140241   0.216552
        25   0.475248   0.398754   0.465455    0.42953
        26   0.336634   0.471624   0.214413   0.294801
        27   0.188119   0.424793   0.156803   0.229055
        28    0.29703   0.412863   0.312402   0.355675
        29   0.207921   0.528169   0.126939   0.204685
        30   0.277228   0.536993   0.131043   0.210674
        31   0.326733   0.397135   0.195262   0.261803
        32   0.128713   0.476285  0.0933747   0.156139
        33   0.178218   0.527344    0.21327   0.303712
        34   0.108911   0.811623   0.148733   0.251397
        35   0.277228    0.37897   0.126462   0.189641
        36   0.128713   0.578947   0.173815   0.267361
        37   0.148515   0.276243  0.0875657   0.132979
        38  0.0594059   0.427126   0.117943   0.184845
        39    0.39604   0.351005   0.227353   0.275961
        40   0.346535   0.344136    0.27295   0.304437
        41   0.138614   0.295224    0.19883   0.237624
        42   0.227723   0.376582   0.179217   0.242857
        43   0.178218   0.507385   0.132818   0.210526
        44   0.173117    0.79154   0.251659   0.381898
        45   0.356436   0.338912   0.170168   0.226573
        46   0.336634   0.399684   0.319848   0.355337
        47   0.415842   0.299363   0.106697   0.157322
        48   0.445545   0.281513   0.184573   0.222962
        49   0.475248   0.210339   0.167614   0.186561
        50   0.326733   0.430137   0.235559   0.304411
        51   0.138614   0.591429   0.132015    0.21585
        52   0.425743   0.291599   0.378804    0.32953
        53   0.306931   0.706195   0.715054   0.710597
        54   0.544554   0.455724   0.732639   0.561917
        55   0.336634   0.288227   0.218911   0.248832
        56   0.287129   0.310458   0.240506   0.271041
        57   0.306931   0.542936   0.215859   0.308905
        58   0.326733   0.302632   0.707692   0.423963
        59   0.306931   0.266216   0.157979   0.198289
        60   0.247525   0.605847   0.267825   0.371446
        61   0.148515    0.61465   0.280932   0.385614
        62   0.247525   0.469496   0.138173    0.21351
        63   0.158416   0.500835   0.162294   0.245148
        64   0.336634    0.44391     0.1385   0.211128
        65   0.128713   0.711191   0.162541   0.264607
        66   0.168317   0.609907    0.21448   0.317358
        67   0.306931   0.334789   0.181818   0.235656
        68   0.267327   0.359133   0.284314   0.317373
        69   0.128713   0.448196   0.166667   0.242979
        70   0.188119   0.344828   0.156931   0.215698
        71   0.415842   0.328889   0.258741   0.289628
        72    0.29703   0.363636   0.145806    0.20815
        73 0.00990099   0.540541   0.084699    0.14645
        74    0.19802   0.682135   0.109783   0.189128
        75   0.415842   0.117241  0.0674603  0.0856423
        76   0.435644   0.300292   0.495192   0.373866
        77   0.257426   0.590789   0.226997   0.327977
        78   0.118812   0.664815    0.21031   0.319537
        79   0.435644   0.155763   0.108342   0.127796
        80  0.0990099   0.483015   0.200264   0.283136
        81   0.306931   0.316489   0.121553   0.175646
        82   0.029703    0.77937   0.228571   0.353476
        83    0.70297   0.576577   0.761905    0.65641
        84   0.277228    0.54844   0.159962   0.247683
        85   0.524752   0.317431   0.660305   0.428748
        86 0.00990099   0.657431  0.0865098     0.1529
        87  0.0693069   0.623389   0.150695   0.242717
        88    0.19802   0.763605   0.141462   0.238703
        89   0.029703   0.712209   0.327979   0.449129
        90   0.326733   0.245081   0.165659   0.197691
        91   0.465347   0.540906   0.511123   0.525593
        92   0.019802   0.854575   0.189975   0.310847
        93   0.168317   0.462659   0.133896   0.207686
        94   0.564356   0.446281   0.528671   0.483995
        95   0.188119   0.626427    0.19845   0.301413
        96   0.306931   0.494949   0.373096    0.42547
        97    0.60396   0.317604   0.365344   0.339806
        98   0.366337   0.210366   0.267442   0.235495
        99   0.277228   0.489279   0.254822   0.335113
       100    0.60396   0.335329   0.533333   0.411765
       101   0.118812   0.538462   0.124347   0.202037
       102   0.475248   0.242336   0.446237   0.314096
       103   0.445545   0.405941   0.307116    0.34968
       104   0.445545   0.488764   0.417266   0.450194
       105    0.50495   0.331373   0.301248   0.315593
       106   0.178218   0.414035   0.093974    0.15318
       107   0.425743   0.379562   0.511475   0.435754
       108   0.267327   0.581897   0.221493   0.320856
       109   0.148515   0.542328   0.103929   0.174431
       110   0.227723   0.497312   0.149676     0.2301
       111    0.29703   0.360396   0.282609   0.316797
       112   0.465347   0.412766   0.570588   0.479012
       113   0.267327   0.509565   0.261141   0.345315
       114   0.564356    0.48037   0.753623   0.586742
       115   0.435644      0.292   0.262354   0.276384
       116   0.339934    0.28244   0.197073   0.232158
       117   0.267327   0.302483  0.0808203   0.127558
       118   0.356436   0.512039   0.230159   0.317571
       119   0.306931   0.406114   0.329787   0.363992
       120   0.148515   0.527508   0.127443    0.20529
       121    0.29703   0.265734   0.162116   0.201378
       122   0.158416   0.570093   0.295543   0.389279
       123   0.594059   0.235023   0.443478   0.307229
       124   0.039604   0.565268   0.167762   0.258736
       125   0.346335   0.302175   0.188232   0.231966
       126   0.168317   0.444898   0.146309   0.220202
       127   0.257426   0.472727     0.1571   0.235828
       128   0.257426   0.495845    0.16407   0.246556
       129   0.346535   0.412234   0.276292   0.330843
       130   0.425743   0.348506   0.410385   0.376923
       131    0.29703   0.270012   0.162123     0.2026
       132   0.306931   0.496013   0.169298   0.252435
       133   0.247525   0.516704   0.223292   0.311828
       134   0.356436   0.459064    0.28212   0.349471
       135   0.267327   0.476038   0.222832   0.303565
       136   0.430743   0.455584   0.518324   0.484933
       137   0.613861   0.317862        0.5    0.38865
       138   0.259026   0.455976    0.26325   0.333791
       139   0.237624   0.411168   0.201242   0.270225
       140   0.447845   0.378689   0.497813   0.430156
       141   0.257426   0.341317   0.149476   0.207903
       142   0.425743   0.285538   0.200695   0.235714
       143   0.277228   0.570064   0.283677   0.378836
       144   0.257426   0.355556   0.187586   0.245598
       145   0.435644   0.294294   0.215148   0.248573
       146   0.584158   0.451467   0.433839   0.442478
       147  0.0693069   0.521084    0.11495   0.188351
       148   0.455446   0.624822   0.662632   0.643172
       149   0.425743   0.232108   0.158311   0.188235
       150   0.217822   0.536993   0.277778   0.366151
       151   0.524752   0.281984   0.415385   0.335925
       152   0.564356   0.240683   0.557554   0.336226
       153   0.336634   0.284483   0.204686   0.238076
       154   0.336634   0.321364   0.245542   0.278383
       155   0.455446   0.275574   0.190202   0.225064
       156   0.247525    0.54047   0.338789   0.416499
       157   0.346535   0.404762   0.333333   0.365591
       158   0.345835   0.431658   0.235264   0.304544
       159   0.356436   0.288406   0.137526   0.186242
       160   0.336634   0.364641   0.189655   0.249527
       161   0.138614   0.637046   0.134336   0.221883
       162   0.237624   0.299827   0.104976   0.155506
       163  0.0594059   0.391496   0.117208   0.180405
       164   0.634363   0.268293   0.859375   0.408922
       165   0.306931       0.28   0.236486    0.25641
       166   0.257426   0.526706   0.231875   0.321995
       167   0.346535   0.255435   0.136628    0.17803
       168   0.207921   0.415936   0.271875   0.328819
       169   0.227723   0.354701   0.124438    0.18424
       170   0.356436   0.427495   0.346565   0.382799
       171    0.19802   0.558962   0.202737   0.297552
       172   0.425743   0.195035   0.245536   0.217391
       173   0.277228   0.276144   0.137064   0.183198
       174   0.475248   0.311978   0.229744   0.264619
       175   0.425743   0.333333   0.302481   0.317159
       176   0.356436   0.324012   0.223702   0.264671
       177   0.287129   0.372247   0.320076   0.344196
       178   0.207921   0.788462   0.654255   0.715116
       179   0.425743   0.383333   0.290526   0.330539
       180   0.405941    0.55916   0.639738   0.596741
       181   0.584158    0.28777   0.583942   0.385542
       182   0.386139   0.247098   0.317021   0.277726
       183   0.366337   0.364679   0.252782   0.298592
       184   0.277228   0.470769   0.234303   0.312883
       185   0.356436   0.679842   0.628885   0.653371
       186   0.188119   0.359638   0.202476   0.259087
       187   0.405941   0.388372   0.386574   0.387471
       188   0.277228   0.386973   0.271141   0.318863
       189   0.356436   0.591202   0.359426   0.447059
       190   0.376238   0.586139    0.37421    0.45679
       191   0.564356   0.368341   0.436036    0.39934
       192   0.491849   0.235863   0.484977   0.317375
       193   0.633663   0.248227   0.325077   0.281501
       194   0.237624       0.44    0.20311   0.277926
       195   0.168317    0.59542   0.116854   0.195366
       196   0.346535   0.333333   0.178122   0.232177
       197   0.247525   0.381902   0.176596   0.241513
       198   0.346535   0.724796   0.833856    0.77551
       199   0.346535   0.638396   0.352791   0.454446
       200    0.29683   0.339631   0.177195   0.232886
       201   0.267327   0.552577   0.316785   0.402705
       202    0.19802   0.554408   0.178883    0.27049
       203   0.356436   0.357488    0.29899   0.325633
       204   0.287129   0.555195   0.333984   0.417073
       205   0.118812   0.520942   0.331115   0.404883
       206   0.178218   0.384946   0.195628    0.25942
       207   0.108911   0.678696    0.11338   0.194301
       208    0.50495   0.284341   0.382625   0.326241
       209   0.336034   0.345661   0.230286   0.276418
       210   0.128713   0.712794   0.218138   0.334047
       211   0.386139   0.323988       0.26   0.288488
       212   0.277228   0.591716    0.19802   0.296736
       213   0.356436   0.341096   0.177098   0.233146
       214   0.188119   0.383615   0.140879   0.206078
       215   0.326733   0.269321    0.40493   0.323488
       216   0.336634   0.358601   0.149272   0.210797
       217    0.49505   0.222008    0.13173   0.165349
       218   0.217822   0.747082   0.205348   0.322148
       219  0.0693069   0.462926   0.145374   0.221264
       220   0.366337   0.308351   0.264706   0.284866
       221   0.049505   0.493936   0.230928   0.314717
       222   0.415842   0.253165   0.114379   0.157569
       223   0.257426   0.305483   0.161157   0.211001
       224   0.287129   0.388248   0.101148   0.160486
       225   0.326733   0.464927   0.236711   0.313704
       226   0.455446   0.464286   0.532328   0.495984
       227   0.445545   0.179949   0.177665   0.178799
       228   0.326733   0.430476   0.371711   0.398941
       229   0.277228   0.532231   0.229508   0.320717
       230   0.673267   0.388889   0.856115   0.534831
       231   0.386139   0.341176   0.126087   0.184127
       232   0.373937   0.477159   0.279949   0.352869
       233   0.346535   0.713178   0.686567    0.69962
       234  0.0990099   0.650602   0.108253    0.18562
       235   0.277228   0.595104   0.210807    0.31133
       236   0.584158   0.469907   0.442266   0.455668
       237   0.029703        0.5   0.125282   0.200361
       238   0.247525   0.456494   0.285489   0.351286
       239   0.386139   0.779412   0.239046   0.365878
       240   0.336634   0.364888   0.246225   0.294036
       241   0.386139   0.273585   0.195726   0.228197
       242   0.480148   0.134969   0.235485    0.17159
       243   0.366337    0.24431    0.17037   0.200748
       244  0.0990099   0.559153   0.173426   0.264741
       245   0.366337   0.507099   0.247525   0.332668
       246   0.405941   0.350534    0.29056   0.317742
       247   0.554455   0.173393   0.447876       0.25
       248 0.00990099   0.234104  0.0286624  0.0510719
       249   0.158416   0.521739   0.117681   0.192045
       250   0.247525   0.518908    0.20346   0.292308
       251   0.376238   0.127251  0.0601931  0.0817271
       252   0.554455   0.320661   0.343972   0.331908
       253   0.455446   0.260116   0.238938   0.249077
       254  0.0990099   0.595273   0.134311   0.219171
       255   0.643564    0.34494   0.693654   0.460756
       256   0.356436   0.617304    0.47871   0.539244
       257  0.0594059   0.668367   0.123556   0.208557
       258   0.108911   0.598698  0.0779661   0.137966
       259   0.326733   0.538462   0.283088   0.371084
       260   0.415842    0.50646   0.488778   0.497462
       261   0.227723   0.380117   0.135699        0.2
       262    0.29703   0.639087    0.59181    0.61454
       263    0.49505   0.416822   0.586842   0.487432
       264   0.227723   0.538784    0.22465   0.317088
       265   0.673267   0.220472   0.451613   0.296296
       266    0.39604   0.383777   0.287398   0.328668
       267   0.653465   0.361963   0.594458   0.449952
       268   0.277228   0.598039   0.276644   0.378295
       269   0.267327    0.44021   0.162149      0.237
       270   0.145515   0.599629   0.301963   0.401658
       271   0.356436   0.475664    0.23395    0.31364
       272    0.50495   0.247525   0.434363   0.315347
       273   0.257426   0.394995   0.129181    0.19469
       274    0.49505   0.272727   0.221805   0.244644
       275   0.306931   0.549383   0.532138   0.540623
       276   0.316832   0.376068    0.24581   0.297297
       277   0.168317   0.502862   0.121806    0.19611
       278   0.435644   0.275534   0.155914   0.199142
       279   0.168317   0.658367   0.206563   0.314462
       280   0.178218    0.60724    0.16704   0.262007
       281   0.217822   0.619298   0.156195    0.24947
       282   0.376238   0.340807      0.456   0.390077
       283    0.50495   0.221818   0.309645   0.258475
       284   0.118812   0.561983    0.20178   0.296943
       285   0.465347   0.518367   0.295865   0.376715
       286   0.386139   0.310413   0.293135   0.301527
       287   0.148515   0.632867   0.112984   0.191737
       288    0.39604     0.6125   0.568823   0.589854
       289    0.19802   0.608567   0.238564   0.342762
       290   0.237624    0.30139   0.102718   0.153217
       291   0.485149   0.280928   0.365772   0.317784
       292   0.326733    0.52381   0.182033   0.270175
       293   0.366337   0.539062   0.565574      0.552
       294  0.0792079   0.738806   0.365121   0.488717
       295   0.356436   0.292593   0.295327   0.293953
       296   0.306931   0.349829   0.125844   0.185102
       297   0.346535   0.495108   0.381599   0.431005
       298   0.306931   0.377525   0.281279   0.322372
       299   0.257426   0.520468   0.247911   0.335849
       300   0.326733   0.327707   0.155749   0.211146
       301   0.475248   0.328744   0.812766   0.468137
       302   0.336634   0.438492   0.167045   0.241927
       303   0.306931   0.441065   0.310714   0.364589
       304    0.50495   0.477366   0.432836   0.454012
       305   0.425743   0.535666   0.432609   0.478653
       306   0.277228   0.444103        0.2   0.275796
       307   0.148515   0.412855   0.125943   0.193008
       308   0.415842   0.223457   0.310997   0.260057
       309   0.425743    0.63024   0.583102   0.605755
       310   0.138614   0.529946   0.116894   0.191538
       311    0.29703       0.65   0.522488    0.57931
       312   0.762376   0.277778    0.59387    0.37851
       313   0.227723   0.276573    0.10963    0.15702
       314   0.465347   0.232941   0.257143   0.244444
       315   0.326733   0.456929   0.521368   0.487026
       316   0.227723   0.296407   0.209746   0.245658
       317  0.0693069   0.613008   0.125332   0.208115
       318   0.188119   0.233333   0.200883   0.215896
       319   0.534653   0.314501   0.437173   0.365827
       320   0.415842   0.720772   0.869863    0.78833
       321   0.351435   0.466969   0.538155   0.500041
       322   0.247525       0.45   0.161871   0.238095
       323   0.158416   0.418228   0.214974   0.283979
       324   0.260426   0.550117   0.265699    0.35833
       325   0.039604    0.52358   0.126423   0.203669
       326   0.247525   0.473881    0.13895    0.21489
       327  0.0594059   0.544966   0.278273   0.368421
       328   0.289829    0.34147   0.264826   0.298303
       329   0.178218    0.45245   0.194067   0.271626
       330   0.138614   0.268581   0.140584   0.184562
       331   0.544554   0.417989   0.520879   0.463796
       332   0.287129   0.464139   0.242765    0.31879
       333   0.287129    0.41693   0.200608    0.27088
       334   0.207921   0.464891   0.171889    0.25098
       335   0.207921   0.802632   0.153652   0.257928
       336   0.168317   0.412698   0.240741   0.304094
       337   0.108911   0.648703   0.136957   0.226166
       338    0.29703   0.266807    0.11803    0.16366
       339   0.316832   0.393775   0.148394   0.215556
       340   0.524752   0.522876   0.238095   0.327198
       341   0.465347        0.2   0.147854   0.170018
       342   0.227723   0.517056   0.259226   0.345324
       343    0.39604   0.385768   0.668831   0.489311
       344   0.247525   0.325331   0.190315   0.240147
       345   0.514851   0.466667   0.725926   0.568116
       346   0.524752   0.101604   0.130137   0.114114
       347  0.0891089        0.5  0.0648855   0.114865
       348   0.435644    0.71519   0.771331     0.7422
       349   0.366337   0.331606   0.191235   0.242577
       350   0.544554   0.536145   0.634204   0.581066
       351   0.405941   0.459644   0.344615   0.393904
       352   0.188119   0.702678   0.264788   0.384635
       353   0.519752   0.437676   0.525637   0.477641
       354   0.346535   0.360902   0.178439   0.238806
       355   0.485149   0.264706   0.196721   0.225705
       356   0.207921   0.779896   0.195143   0.312175
       357   0.336634   0.638535   0.524183   0.575736
       358  0.0594059   0.745562   0.110769   0.192882
       359   0.445545   0.311203   0.323276   0.317125
       360   0.475248   0.344023   0.139645   0.198653
       361   0.316832   0.393136   0.201761   0.266667
       362   0.306931   0.386428   0.212876   0.274523
       363   0.128713   0.594231   0.124848   0.206344
       364   0.405941   0.358065   0.399281   0.377551
       365   0.356436   0.198511   0.327869   0.247295
       366   0.524752   0.204545   0.325658   0.251269
       367   0.405941   0.477341   0.401015   0.435862
       368   0.376238   0.419624   0.229714   0.296898
       369   0.158416   0.537849   0.102857   0.172689
       370   0.415842   0.334356   0.189565   0.241953
       371   0.019802   0.629091  0.0879736   0.154361
       372   0.425743   0.382449   0.293677   0.332235
       373   0.306931   0.291759   0.206951   0.242144
       374   0.316832   0.605464   0.237564   0.341238
       375   0.118812   0.833684   0.130952    0.22635
       376   0.188119   0.441558  0.0838816   0.140981
       377    0.29703   0.563284   0.296163   0.388212
       378   0.039604   0.671806   0.115662   0.197347
       379   0.158416   0.498771  0.0860534   0.146782
       380   0.376238    0.31694   0.221374   0.260674
       381  0.0792079     0.4942  0.0485525  0.0884184
       382   0.326733   0.243836   0.279874   0.260615
       383   0.207921   0.539488   0.251035   0.342635
       384   0.108911   0.605405   0.151351   0.242162
       385   0.326733   0.309693   0.166879   0.216887
       386   0.574257   0.311189   0.404545   0.351779
       387   0.148515   0.596413   0.101171   0.172997
       388   0.345535   0.260779   0.339068   0.294815
       389   0.217822   0.565684  0.0882476   0.152677
       390    0.19802   0.571429   0.166969   0.258427
       391   0.168317   0.356537   0.194085   0.251346
       392   0.326733   0.415441   0.573604   0.481876
       393   0.277228   0.472125   0.359178   0.407979
       394   0.217822    0.60472   0.420945   0.496368
       395   0.237624   0.580563   0.096105   0.164911
       396   0.168317   0.607143   0.264988   0.368948
       397   0.425743   0.308824   0.387991    0.34391
       398   0.465347   0.299296   0.377778   0.333988
       399   0.247525   0.274542   0.110887    0.15797
       400   0.544554    0.39596   0.581602   0.471154
       401   0.267327   0.344444   0.167052   0.224987
       402   0.336634   0.461314    0.14145   0.216513
       403   0.227723   0.520362  0.0947282   0.160279
       404   0.435644   0.183226   0.312775   0.231082
       405   0.118812   0.362764   0.114338   0.173873
       406   0.207921   0.322188    0.33125   0.326656
       407   0.257426   0.202479  0.0560641  0.0878136
       408   0.405941   0.556054   0.242661   0.337875
       409    0.19802   0.449383   0.168285   0.244871
       410   0.217822   0.508361  0.0930233   0.157268
       411   0.039604   0.737952  0.0821321   0.147813
       412   0.386139   0.350649   0.401786    0.37448
       413   0.376238   0.432364   0.249635    0.31652
       414   0.376238   0.337143   0.394385   0.363524
       415   0.227723   0.602058   0.183194   0.280912
       416   0.564356   0.403774   0.548718   0.465217
       417   0.287129   0.439834   0.328512   0.376109
       418   0.574257   0.542029   0.505405   0.523077
       419   0.445545   0.217514   0.320833   0.259259
       420    0.50495   0.472325    0.52459   0.497087
       421   0.316832   0.353093   0.192146   0.248865
       422   0.524752   0.461856   0.697819   0.555831
       423   0.237624    0.26259   0.077167   0.119281
       424   0.257426   0.376007   0.173339   0.237288
       425   0.326733   0.413167   0.237908   0.301949
       426   0.386139   0.246187   0.260369    0.25308
       427   0.178218   0.435676   0.199604   0.273777
       428   0.049505    0.54195  0.0859712   0.148401
       429   0.277228   0.378623   0.144737   0.209419
       430   0.445545    0.60181   0.668342   0.633333
       431   0.168317   0.587786   0.156903   0.247688
       432    0.39604   0.436658   0.409091   0.422425
       433   0.475248   0.272093   0.365625      0.312
       434   0.287129   0.449697   0.152487   0.227747
       435   0.435644   0.212719   0.180465   0.195269
       436    0.50495   0.320144   0.649635   0.428916
       437   0.168317   0.549598   0.189289   0.281593
       438   0.455446   0.188172   0.217842   0.201923
       439    0.39604    0.47619    0.21645   0.297619
       440   0.148515   0.408223    0.10746   0.170135
       441   0.019802   0.685864   0.111395   0.191661
       442   0.316832    0.49453   0.438835   0.465021
       443  0.0693069   0.538071   0.106071   0.177208
       444   0.482348   0.293799   0.273169   0.283109
       445   0.237624   0.430274   0.299089   0.352884
       446   0.386139   0.442308   0.372168   0.404218
       447   0.247525   0.395797    0.24659   0.303866
       448    0.19802   0.588663    0.21652   0.316592
       449   0.148515    0.53528   0.192308   0.282958
       450   0.445545   0.421488   0.497782   0.456469
       451    0.49505   0.484979   0.472803   0.478814
       452   0.158416   0.588172   0.134003   0.218276
       453   0.461546   0.438295   0.490159   0.462778
       454   0.316832   0.264615   0.169291   0.206483
       455   0.415842   0.319255   0.376281    0.34543
       456   0.366337   0.292442   0.291485   0.291963
       457   0.316832    0.46281    0.39576   0.426667
       458   0.237624   0.638809    0.43238   0.515704
       459   0.287129   0.437647   0.295238   0.352607
       460   0.336634   0.400447   0.732106   0.517715
       461   0.405941   0.313609   0.161585    0.21328
       462   0.316832   0.348039     0.2111   0.262801
       463  0.0990099   0.389937  0.0987261    0.15756
       464   0.247525    0.40884   0.211429   0.278719
       465   0.148515   0.651715   0.311083   0.421142
       466   0.257426   0.326923   0.152193   0.207697
       467   0.564356   0.443662   0.533898   0.484615
       468   0.405941    0.59375   0.331746   0.425662
       469    0.19802   0.406639  0.0773074   0.129916
       470   0.435644   0.429348   0.383495   0.405128
       471   0.158416   0.621455   0.242716   0.349091
       472   0.108911   0.698529  0.0853293   0.152081
       473   0.455446   0.681388   0.737201   0.708197
       474  0.0594059   0.523865   0.113208   0.186181
       475   0.564356     0.2272   0.386921    0.28629
       476   0.415842   0.554945   0.643312    0.59587
       477   0.178218   0.469979   0.203953   0.284461
       478   0.336634   0.474916   0.246528   0.324571
       479   0.227723   0.467082   0.191118   0.271248
       480   0.039604   0.430161  0.0722291   0.123689
       481   0.435644   0.533898   0.523753   0.528777
       482   0.415842   0.313099   0.132343   0.186047
       483   0.336634   0.466071   0.159926   0.238139
       484   0.465347   0.509497   0.422614   0.462006
       485   0.623762    0.17734     0.1409   0.157034
       486   0.455446   0.258586   0.249756   0.254094
       487   0.356436   0.345878   0.175455   0.232811
       488   0.326733    0.20743   0.154378   0.177015
       489   0.356436   0.629423   0.524031   0.571912
       490   0.188119   0.498992   0.203956   0.289558
       491   0.188119   0.572664   0.231955   0.330175
       492   0.326733   0.573394   0.423729   0.487329
       493   0.465347   0.341667   0.383178   0.361233
       494   0.118812   0.450943   0.158699   0.234774
       495   0.168317   0.504016   0.108283   0.178267
       496   0.287129   0.719731   0.504717   0.593346
       497   0.377038   0.389372   0.261061    0.31256
       498   0.336634   0.357798   0.253247   0.296578
       499   0.465347   0.238971   0.355191   0.285714
       500   0.267327   0.553517   0.150791   0.237014
       501  0.0990099    0.54966    0.13589   0.217907
       502   0.544554   0.488889    0.53012   0.508671
       503   0.386139   0.323801   0.179908   0.231301
       504    0.39604   0.517465    0.53172   0.524496
       505   0.485149    0.19084   0.124069   0.150376
       506   0.326733   0.497103   0.222395   0.307307
       507   0.375338   0.260921   0.236419   0.248066
       508   0.217822   0.485251   0.155703   0.235758
       509   0.267327   0.390582   0.179389   0.245859
       510   0.306931   0.417526   0.166324   0.237885
       511   0.316832   0.598522   0.425569   0.497441
       512  0.0594059   0.271959   0.117006   0.163618
       513   0.465347   0.317829   0.380805   0.346479
       514   0.247525   0.519481   0.495356   0.507132
       515   0.405941   0.266667   0.384181   0.314815
       516   0.326733   0.319946   0.122439   0.177103
       517   0.217822   0.221843  0.0793651   0.116906
       518   0.366337   0.356195   0.340381   0.348108
       519   0.277228   0.423313   0.231285   0.299133
       520  0.0990099   0.579812   0.129252   0.211382
       521   0.475248   0.277628   0.311178   0.293447
       522   0.792079   0.132686   0.621212   0.218667
       523   0.039604   0.725618  0.0997319   0.175361
       524    0.19802   0.522124   0.111742   0.184087
       525   0.158416   0.753065   0.292318   0.421156
       526   0.316832   0.620746   0.223193   0.328333
       527   0.277228   0.508834   0.203966   0.291203
       528   0.326733   0.606599   0.624021   0.615187
       529    0.39604   0.254197   0.340836   0.291209
       530   0.168317   0.635417   0.124395   0.208058
       531   0.524752    0.24735   0.335731   0.284842
       532   0.465347   0.177191   0.382892   0.242268
       533   0.267327   0.614108   0.181373   0.280038
       534    0.19802   0.505983  0.0794844   0.137387
       535   0.485149   0.472325   0.560175   0.512513
       536   0.267327   0.276316   0.189759      0.225
       537   0.287129   0.348361   0.175258   0.233196
       538   0.376238   0.828829   0.818991   0.823881
       539   0.386139    0.19469   0.254042   0.220441
       540   0.306931   0.354108   0.163684   0.223881
       541  0.0772077   0.496268    0.12699   0.202232
       542   0.138614   0.684932   0.249792   0.366077
       543   0.267327   0.573024   0.396788   0.468893
       544   0.564356   0.466513   0.742647    0.57305
       545    0.29703   0.364055   0.152363    0.21482
       546   0.326733    0.40395   0.156685    0.22579
       547   0.277228   0.396992   0.152601   0.220459
       548   0.316832   0.377404    0.15468   0.219427
       549   0.554455   0.550746   0.668478   0.603928
       550   0.227723   0.471795   0.141757   0.218009
       551   0.207921   0.598077    0.33878   0.432545
       552   0.336634   0.450292   0.219373   0.295019
       553   0.356436      0.275   0.122494   0.169492
       554   0.207921   0.550898   0.194812   0.287837
       555    0.29703   0.445757   0.311094   0.366446
       556   0.108911   0.442257   0.273761   0.338184
       557   0.326733   0.737401    0.67231   0.703352
       558   0.435644   0.190878   0.197208   0.193991
       559   0.267327   0.547138   0.226481   0.320355
       560   0.168317        0.6   0.235392   0.338129
       561   0.049505   0.495495   0.127981   0.203421
       562  0.0990099   0.650165  0.0596337   0.109247
       563   0.405941   0.426003   0.294455   0.348219
       564   0.366337   0.337143   0.383117   0.358663
       565   0.277228   0.438997   0.224228   0.296839
       566  0.0594059   0.400612  0.0775148   0.129896
       567   0.415842   0.419598   0.340122   0.375703
       568 0.00990099   0.723112  0.0839087   0.150369
       569    0.39694   0.324436   0.215549   0.259014
       570   0.366337   0.441417   0.348387   0.389423
       571   0.029703   0.565217  0.0706817   0.125651
       572   0.485149   0.226378   0.487288    0.30914
       573   0.316832   0.527919    0.24037   0.330334
       574   0.237624    0.42329   0.138872   0.209132
       575   0.237624    0.61194   0.233904   0.338443
       576   0.564356   0.262077   0.355738   0.301808
       577   0.356436   0.145897   0.122137   0.132964
       578   0.544554   0.472513   0.443489   0.457541
       579   0.140914   0.404431   0.253425   0.311597
       580   0.247525   0.309013   0.220352   0.257258
       581   0.029703    0.44598  0.0636201   0.111355
       582   0.267327       0.46   0.224756   0.301969
       583   0.356436       0.46   0.320557   0.377823
       584   0.336634   0.498925   0.321775   0.391231
       585  0.0792079   0.726636   0.145667   0.242684
       586 0.00990099   0.548507  0.0892803   0.153565
       587   0.287129   0.384328   0.171096   0.236782
       588   0.326733   0.355615   0.214171   0.267337
       589   0.267327   0.442766   0.235518    0.30748
       590   0.148515   0.558631   0.281365   0.374238
       591   0.435644   0.712737   0.870861   0.783905
       592    0.19802   0.583333   0.315377   0.409409
       593   0.138614   0.341463   0.148148   0.206642
       594   0.384938   0.168858   0.183957   0.176085
       595  0.0792079   0.609346   0.178826   0.276506
       596   0.178218   0.533417   0.132312    0.21203
       597   0.356436   0.575067   0.502931   0.536585
       598   0.267327   0.580786   0.179165    0.27385
       599   0.287129   0.263785   0.127155   0.171595
       600   0.138614       0.75   0.240975   0.364754
       601   0.366337   0.366082    0.20272   0.260942
       602   0.019802   0.506494  0.0626255   0.111468
       603   0.485149   0.224803   0.183542   0.202088
       604   0.326733   0.546903   0.539267   0.543058
       605   0.227723   0.390823   0.153321   0.220241
       606   0.148515   0.486025   0.217663   0.300672
       607   0.366337   0.332061   0.315217    0.32342
       608   0.168317    0.67193   0.236712   0.350091
       609   0.514851   0.489744    0.44213    0.46472
       610   0.405941   0.524444   0.287454   0.371361
       611  0.0990099   0.542543  0.0876172    0.15087
       612   0.435644   0.372694   0.332237   0.351304
       613   0.613861   0.310891   0.497623   0.382693
       614   0.336634   0.492669   0.460274   0.475921
       615   0.356436   0.277778   0.270386   0.274032
       616   0.514851    0.47185   0.589615     0.5242
       617    0.19802    0.36903  0.0971429     0.1538
       618   0.564356   0.362295   0.213115   0.268367
       619    0.29703   0.516949   0.288416   0.370258
       620   0.287129   0.569444    0.12481   0.204744
       621   0.455446   0.187927   0.165829   0.176188
       622  0.0560056   0.604649   0.166575   0.261194
       623   0.237624   0.497143   0.159195   0.241164
       624    0.49505   0.486381   0.816993   0.609756
       625   0.237624   0.710027   0.182324   0.290144
       626   0.227723   0.361386   0.166921   0.228363
       627   0.247525   0.638571   0.285988   0.395051
       628   0.207921   0.339464   0.130717   0.188752
       629   0.128713   0.433281    0.24577   0.313636
       630   0.158416   0.485294    0.14065   0.218092
       631   0.108911   0.864553   0.125611   0.219352
       632   0.366337   0.393487   0.188679   0.255057
       633   0.019802   0.578189   0.128018   0.209623
       634   0.267327   0.666174   0.647059   0.656477
       635   0.287129   0.422517   0.338282   0.375736
       636   0.415842   0.387858   0.251229   0.304939
       637   0.257426   0.354545   0.246835   0.291045
       638   0.178218   0.635897   0.115135   0.194969
       639   0.613861   0.199029   0.577465   0.296029
       640   0.257426   0.500649   0.243756   0.327876
       641   0.257426   0.583077   0.239192   0.339226
       642   0.366337     0.3225    0.22089   0.262195
       643  0.0990099   0.552805   0.145336   0.230161
       644   0.277228   0.265795  0.0922844   0.137002
       645   0.316832   0.490654   0.281124   0.357447
       646  0.0990099   0.688645   0.234268   0.349605
       647   0.475248   0.190661   0.139205    0.16092
       648   0.386139   0.154982      0.112   0.130031
       649   0.369237   0.751436   0.741483   0.746427
       650   0.376238   0.376945   0.161908   0.226519
       651   0.326733   0.365546   0.205189    0.26284
       652   0.277228   0.461538   0.392982    0.42451
       653   0.465347   0.228707   0.254833   0.241064
       654   0.306931   0.351351       0.35   0.350674
       655    0.50495   0.198606    0.44358   0.274368
       656   0.336634   0.349515   0.177049   0.235038
       657   0.247525   0.506135   0.145374   0.225873
       658   0.039604    0.60219   0.116156   0.194748
       659   0.039604   0.813986   0.148356    0.25097
       660    0.50495   0.384393   0.302961   0.338854
       661   0.049505   0.666667   0.252149   0.365904
       662   0.257426   0.685271   0.319134   0.435468
       663   0.178218   0.582418   0.101338   0.172638
       664   0.306931   0.432203   0.428571    0.43038
       665   0.574257   0.489666   0.633745   0.552466
       666   0.346535   0.352298   0.254344   0.295413
       667    0.19802   0.654118   0.158134   0.254695
       668   0.356436   0.503667   0.388679   0.438765
       669   0.257426   0.290584   0.102874   0.151952
       670   0.108911   0.708763   0.228659   0.345767
       671   0.336634   0.473684   0.295367   0.363853
       672   0.445545    0.53125   0.444444   0.483986
       673   0.485149      0.644   0.534884   0.584392
       674   0.189519   0.278553   0.138994   0.185451
       675   0.485149   0.687805   0.646789   0.666667
       676   0.227723   0.247573  0.0665796   0.104938
       677   0.267327   0.671103   0.295397   0.410227
       678  0.0891089   0.634398    0.17933   0.279619
       679   0.475248   0.246057   0.222222   0.233533
       680   0.019802   0.457143  0.0752183   0.129181
       681   0.188119   0.289731  0.0926143   0.140361
       682   0.383038   0.324019   0.349264   0.336168
       683   0.821782   0.126079   0.675926   0.212518
       684   0.445545   0.250126   0.371919   0.299099
       685   0.376238   0.434783   0.271318   0.334129
       686   0.160916   0.438226  0.0904626   0.149968
       687   0.188119    0.62781   0.275887   0.383325
       688   0.109611   0.455802  0.0894439   0.149542
       689   0.277228   0.299674   0.289308     0.2944
       690   0.445545   0.386963   0.282961   0.326889
       691   0.237624   0.607143   0.208333   0.310219
       692   0.247525    0.38676    0.19964   0.263345
       693    0.50495   0.173432   0.290123    0.21709
       694   0.287129   0.366501   0.223232   0.277464
       695   0.257426   0.640678   0.264706   0.374628
       696   0.316832   0.401515   0.262897   0.317746
       697   0.594059   0.265122   0.490476   0.344194
       698   0.316832   0.721713   0.578431   0.642177
       699   0.425743   0.268199   0.203095    0.23115
       700   0.307331   0.667486   0.645961   0.656547
       701   0.267327   0.538941   0.156561   0.242637
       702   0.326733   0.443583   0.221792   0.295722
       703   0.425743   0.569871   0.557711   0.563725
       704   0.188119   0.700798   0.154636   0.253365
       705  0.0891089   0.547112   0.149938   0.235371
       706  0.0990099    0.60582    0.13762    0.22429
       707   0.287129   0.530576   0.294118   0.378448
       708  0.0693069   0.472585  0.0797006   0.136398
       709   0.366337   0.428703   0.219088   0.289981
       710   0.524752    0.27223   0.460648   0.342218
       711   0.425743    0.37133   0.179916    0.24239
       712   0.376238   0.343958    0.16107   0.219399
       713   0.366337   0.669205   0.292638   0.407207
       714   0.287129   0.284337   0.125399   0.174041
       715  0.0594059   0.802589   0.213793   0.337645
       716   0.346535    0.35022   0.301708   0.324159
       717   0.178218   0.543071   0.217066    0.31016
       718   0.353035   0.391346   0.262722   0.314387
       719   0.237624   0.572727   0.329154   0.418049
       720   0.455446   0.176596   0.231198   0.200241
       721    0.50495   0.518639   0.831169   0.638723
       722   0.564356   0.169903   0.174129    0.17199
       723   0.227723   0.487242   0.143112   0.221241
       724   0.485149   0.423358   0.432836   0.428044
       725   0.237624   0.380186   0.291558   0.330026
       726    0.50495   0.660221   0.519565   0.581509
       727   0.267327   0.435714   0.270577    0.33384
       728   0.564356   0.441109   0.868182   0.584992
       729   0.356436   0.242026  0.0950626   0.136508
       730   0.207921    0.79671   0.221859   0.347069
       731   0.247525   0.638728   0.352472   0.454265
       732    0.49505   0.733042   0.807229   0.768349
       733   0.524752   0.231111   0.233184   0.232143
       734   0.217822   0.599407   0.530184   0.562674
       735   0.217822   0.385809   0.127333   0.191472
       736    0.29703   0.340156   0.147756   0.206021
       737   0.138614   0.339703   0.172786   0.229062
       738   0.326733   0.284974   0.176849   0.218254
       739    0.39604   0.494924   0.205696   0.290611
       740  0.0990099   0.647541   0.206177   0.312768
       741   0.623762   0.566355   0.827869   0.672586
       742   0.188119   0.772074   0.198627   0.315966
       743   0.435644   0.395248   0.297078   0.339203
       744   0.227723   0.400901   0.139498   0.206977
       745   0.415842   0.302613   0.400729   0.344828
