         1   0.683768   0.751969   0.751969   0.751969
         2   0.732673   0.589404   0.622378   0.605442
         3   0.742574   0.843109   0.653038      0.736
         4   0.891089   0.347826        0.5   0.410256
         5    0.80198   0.692586   0.722642   0.707295
         6   0.237624   0.584795   0.456621   0.512821
         7   0.722772   0.823293   0.746359   0.782941
         8   0.782178   0.639024   0.637987   0.638505
         9   0.831683   0.506614   0.444832   0.473717
        10   0.841584   0.629969   0.504902   0.560544
        11    0.89609   0.832014   0.868554   0.849891
        12   0.732673   0.626087   0.631579   0.628821
        13    0.90099   0.706577   0.812016   0.755636
        14   0.613861   0.961806    0.93266   0.947009
        15   0.821782   0.872038      0.736   0.798265
        16   0.732673   0.885246   0.852632   0.868633
        17   0.782178   0.893893    0.83228   0.861987
        18   0.851485   0.857143   0.665962   0.749554
        19   0.874787   0.636247   0.725567   0.677977
        20   0.663466   0.617284   0.542005   0.577201
        21   0.792079   0.594737        0.6   0.597357
        22   0.851485   0.953618   0.922801   0.937956
        23    0.70297   0.832103   0.750416   0.789151
        24   0.722772   0.540091   0.477273   0.506742
        25   0.841584   0.750779   0.811448   0.779935
        26   0.782178    0.72407   0.561457   0.632479
        27   0.821782   0.780165   0.804089   0.791946
        28   0.772277    0.86722       0.88   0.873563
        29   0.742574   0.350939   0.324295   0.337091
        30   0.653465   0.601432   0.530526   0.563758
        31   0.643564   0.701823   0.565582    0.62638
        32   0.861386   0.617918   0.680203   0.647566
        33   0.851485   0.650391   0.741648   0.693028
        34   0.861386   0.741483   0.719844   0.730503
        35   0.792079    0.37897   0.520301    0.43853
        36   0.584958   0.593985   0.752381   0.663866
        37   0.366337   0.447514    0.37156   0.406015
        38   0.564956   0.287449   0.642534   0.397203
        39    0.70297   0.651737   0.665733   0.658661
        40   0.875988   0.667134    0.70393   0.685038
        41   0.792079   0.397974   0.527831   0.453795
        42   0.673267   0.471519   0.450151   0.460587
        43    0.80198   0.377932   0.688291   0.487942
        44   0.848585   0.809793   0.840308   0.824768
        45   0.841584   0.246862   0.427536   0.312997
        46   0.861386    0.78357   0.748115   0.765432
        47   0.772277   0.617834   0.244025   0.349865
        48   0.653465   0.584034    0.47931   0.526515
        49   0.871287   0.427807    0.48583   0.454976
        50   0.837184   0.776636   0.859053   0.815768
        51   0.851485   0.774286   0.746556   0.760168
        52    0.90099    0.93538   0.921241   0.928257
        53   0.841584   0.936283   0.924825   0.930519
        54   0.732673   0.807775   0.853881   0.830189
        55   0.851485   0.456698   0.673653   0.544355
        56   0.831683   0.379085   0.627027   0.472505
        57   0.811881   0.711911   0.660668   0.685333
        58   0.614461   0.532895   0.880435   0.663934
        59   0.821782   0.544595   0.413758   0.470245
        60   0.841584   0.916331   0.784297   0.845188
        61   0.712871   0.863057   0.900332   0.881301
        62   0.841584   0.644562   0.514831   0.572438
        63   0.643564   0.744574   0.722853   0.733553
        64   0.831683    0.63141   0.684028   0.656667
        65   0.811881   0.848375   0.722336   0.780299
        66   0.821782   0.890093   0.849335   0.869237
        67   0.237624   0.617176   0.555701   0.584828
        68   0.577958   0.801858   0.789634   0.795699
        69   0.574257   0.648428   0.372077   0.472835
        70   0.663366   0.545977   0.508021   0.526316
        71   0.881188   0.735556   0.809291   0.770664
        72   0.874387   0.582407   0.577874   0.580131
        73   0.861386   0.497062   0.640909   0.559894
        74   0.881188   0.515081   0.614958   0.560606
        75   0.019802   0.727586   0.408124   0.522924
        76   0.821782    0.55102   0.741176   0.632107
        77   0.891089   0.696053    0.71875   0.707219
        78   0.861386   0.675926   0.770042   0.719921
        79   0.762376   0.542056   0.485356   0.512141
        80   0.683168   0.606157    0.66088   0.632337
        81   0.821782   0.510638   0.521739   0.516129
        82   0.831683   0.664756   0.684366   0.674419
        83   0.792079   0.824324   0.682836   0.746939
        84   0.821782   0.794745   0.735562   0.764009
        85    0.80198   0.781651   0.791822   0.786704
        86   0.881188   0.468514   0.568807   0.513812
        87   0.752475   0.666006    0.45933   0.543689
        88   0.158416   0.583333   0.506647   0.542292
        89  0.0693069   0.659884   0.698462   0.678625
        90   0.762376   0.679785   0.615883   0.646259
        91   0.871287   0.897587    0.72481   0.801998
        92   0.831683   0.946078   0.929374   0.937652
        93   0.386139   0.586521   0.503125   0.541632
        94   0.891089    0.90673   0.897196   0.901938
        95    0.80198    0.88907   0.844961   0.866455
        96    0.80198    0.59596   0.674286   0.632708
        97    0.80198    0.68784   0.635906   0.660854
        98   0.722772   0.640244   0.578512   0.607815
        99   0.841584    0.80117   0.785851   0.793436
       100   0.891089   0.583832    0.69395   0.634146
       101   0.544554   0.656109   0.635965    0.64588
       102   0.893489   0.706702   0.775684   0.739588
       103   0.821782   0.729373   0.746622   0.737896
       104   0.623762   0.502809   0.401345   0.446384
       105   0.722772   0.833333   0.791434   0.811843
       106   0.861386   0.787135   0.738749   0.762174
       107   0.861386   0.649635   0.789941   0.712951
       108   0.821782   0.676724   0.700893   0.688596
       109   0.871287   0.805556   0.704046   0.751388
       110   0.851485   0.526882   0.497462   0.511749
       111   0.782178   0.532673   0.501866   0.516811
       112   0.594059   0.880851   0.838057   0.858921
       113   0.792079   0.730435   0.732984   0.731707
       114   0.762376   0.718245   0.670259   0.693423
       115   0.871287      0.243   0.743119    0.36624
       116   0.831683   0.719643   0.601493   0.655285
       117   0.850785   0.405021   0.391648   0.398222
       118   0.673267   0.813804   0.786047   0.799685
       119   0.683168   0.615721   0.536122   0.573171
       120   0.772277   0.495146   0.479624   0.487261
       121    0.90099   0.588811    0.72089   0.648191
       122   0.772277   0.861682   0.827648   0.844322
       123   0.910891   0.393241   0.588506   0.471455
       124   0.910891   0.531469   0.603175   0.565056
       125   0.544554   0.692449   0.591195   0.637829
       126   0.742574   0.873469    0.87169   0.872579
       127   0.851485   0.581818   0.601504   0.591497
       128    0.80198   0.612188   0.762069   0.678955
       129   0.722772   0.773936   0.755844   0.764783
       130   0.811881   0.711238   0.660502   0.684932
       131   0.851485   0.845878   0.633274   0.724297
       132   0.762376   0.821372   0.680317    0.74422
       133   0.762376   0.826281   0.709369   0.763374
       134   0.910891        0.5      0.855   0.630996
       135   0.821782   0.796592   0.734053   0.764045
       136    0.80198   0.804113   0.749748   0.775979
       137   0.910891   0.759494   0.735695   0.747405
       138   0.683168    0.75528   0.656587   0.702484
       139   0.792079   0.672589   0.634731   0.653112
       140   0.821782   0.704937   0.646997   0.674725
       141   0.722772   0.806387   0.748148   0.776177
       142   0.752475   0.510507   0.478009   0.493724
       143   0.732673   0.850318   0.769452   0.807867
       144   0.851485   0.681046   0.784639   0.729181
       145   0.772277   0.926426   0.837178   0.879544
       146   0.881188   0.593679    0.56681   0.579934
       147   0.554455   0.608434   0.662295   0.634223
       148   0.851485   0.624822   0.619519   0.622159
       149   0.792079    0.67118   0.695391   0.683071
       150   0.839184   0.697404   0.746683   0.721203
       151   0.712871    0.86423   0.885027   0.874505
       152   0.693069   0.677019   0.461376   0.548773
       153   0.831683   0.538314   0.502683   0.519889
       154   0.683168   0.780969    0.75784   0.769231
       155   0.752475   0.728601   0.609075   0.663498
       156   0.643564   0.817232   0.810881   0.814044
       157    0.90099    0.87619   0.900196   0.888031
       158   0.821782    0.78481   0.679186   0.728188
       159   0.881188   0.794203   0.707097   0.748123
       160   0.792079   0.765193   0.728947   0.746631
       161   0.821782   0.757196   0.770701   0.763889
       162   0.792079   0.519931   0.466563   0.491803
       163   0.712871   0.651026   0.445336   0.528886
       164   0.712871   0.580488    0.69186     0.6313
       165   0.742574       0.48   0.552995   0.513919
       166   0.841584   0.678042   0.650071   0.663762
       167   0.861386   0.222826   0.398058   0.285714
       168   0.217822   0.842231   0.612399   0.709158
       169   0.851485   0.380342   0.391496   0.385838
       170   0.386139   0.570621   0.484026   0.523768
       171   0.693069   0.733491   0.760391   0.746699
       172   0.752475   0.613475   0.598616   0.605954
       173   0.811881   0.718954   0.661654   0.689115
       174   0.138614   0.512535   0.437055   0.471795
       175   0.831683   0.748686   0.823121   0.784141
       176   0.782178    0.71649   0.674841   0.695042
       177   0.782178   0.601322   0.629032   0.614865
       178    0.70297   0.867521   0.835391   0.851153
       179    0.90099   0.792593   0.628949   0.701352
       180   0.623762   0.771947   0.705934   0.737466
       181   0.713471   0.715827   0.759542   0.737037
       182   0.792079   0.782753    0.76252   0.772504
       183   0.722772   0.591743   0.505882   0.545455
       184    0.80198   0.486154   0.542955   0.512987
       185   0.871287   0.990119   0.754518    0.85641
       186   0.841584   0.386805   0.529204   0.446936
       187    0.80198   0.925581   0.884444   0.904545
       188   0.871287   0.747126    0.71298   0.729654
       189 0.00990099   0.364807     0.4266   0.393291
       190   0.831683    0.79802    0.76616   0.781765
       191    0.80198    0.65449   0.649547   0.652009
       192   0.663366   0.869027   0.791935   0.828692
       193   0.663366   0.791962   0.699374   0.742794
       194   0.881188   0.682105   0.585895    0.63035
       195   0.712871    0.59542   0.675325    0.63286
       196   0.792079    0.59058   0.504644    0.54424
       197   0.811881   0.476994   0.474809   0.475899
       198   0.881188   0.798365   0.912773   0.851744
       199   0.930693   0.744796   0.813131   0.777465
       200   0.811881   0.506173   0.601467   0.549721
       201   0.623762   0.762887   0.673953   0.715667
       202    0.90279   0.833851   0.878375   0.855534
       203   0.762376   0.753623   0.772277   0.762836
       204   0.851485   0.862013   0.866232   0.864117
       205   0.831683   0.688482   0.799392   0.739803
       206   0.693069   0.756989   0.721311    0.73872
       207   0.891089   0.688009   0.733251    0.70991
       208   0.752475    0.81044   0.793011    0.80163
       209   0.909591    0.76711   0.859348   0.810614
       210   0.752475   0.801567   0.690664   0.741994
       211   0.851485   0.501558   0.583333   0.539363
       212   0.811881   0.452663   0.473684   0.462935
       213   0.811881   0.569863   0.492891    0.52859
       214   0.792079   0.856957   0.821696   0.838956
       215   0.732673   0.648712   0.611479   0.629545
       216   0.891089   0.794461   0.824508   0.809206
       217   0.712871     0.6139   0.460203   0.526055
       218    0.49505   0.642023   0.593525   0.616822
       219   0.891089   0.639279   0.735023   0.683816
       220   0.613861   0.710921   0.503794   0.589698
       221   0.574257   0.833517   0.686649   0.752988
       222   0.584158   0.537071   0.336353   0.413649
       223   0.861386   0.357702   0.640187   0.458961
       224    0.90099   0.622246   0.628178   0.625198
       225   0.742574   0.890701   0.720317   0.796499
       226   0.752475   0.757519   0.764706   0.761095
       227   0.881188   0.789203   0.702517   0.743341
       228   0.732673   0.714286   0.774793    0.74331
       229   0.465347   0.604959   0.415437   0.492598
       230   0.940594   0.839869   0.760355   0.798137
       231   0.881188   0.777941   0.706275   0.740378
       232   0.148515   0.603505   0.634793   0.618754
       233   0.782178   0.808786    0.85989   0.833555
       234   0.722772   0.702811   0.445293   0.545171
       235   0.861386   0.851224   0.856061   0.853636
       236   0.884388    0.59451   0.548156   0.570392
       237 0.00990099   0.504505   0.484848   0.494481
       238   0.861386   0.789407   0.638776   0.706148
       239   0.643564   0.718487   0.648956   0.681954
       240   0.732673   0.760757   0.647145   0.699367
       241   0.881188   0.638365    0.61796   0.627997
       242   0.821782   0.472803   0.482906   0.477801
       243   0.841584   0.411229   0.492727   0.448304
       244   0.821782   0.889166   0.816934   0.851521
       245   0.871287   0.724138   0.724138   0.724138
       246    0.60396   0.660142   0.564688   0.608696
       247   0.772277   0.865471       0.75   0.803609
       248   0.851485   0.251445   0.291946   0.270186
       249   0.316832   0.579284   0.277234      0.375
       250    0.70297   0.865546   0.710345   0.780303
       251 0.00990099   0.348139  0.0893407   0.142192
       252   0.881188   0.689256   0.779439   0.731579
       253   0.782178   0.606936   0.590994   0.598859
       254   0.544554   0.248892    0.32846   0.283193
       255    0.90309   0.757279   0.810039   0.782771
       256   0.821782   0.775374   0.713629   0.743222
       257   0.772277   0.461735   0.498623    0.47947
       258   0.732673   0.475054   0.477124   0.476087
       259    0.50495   0.618881   0.743697   0.675573
       260   0.752475   0.906977   0.902314   0.904639
       261   0.792079   0.805556   0.621896   0.701911
       262   0.693069   0.774608    0.67037   0.718729
       263   0.653465   0.801869   0.821839   0.811731
       264   0.722772   0.660377   0.477273    0.55409
       265   0.871287   0.532808   0.597059   0.563107
       266   0.874387   0.834813   0.847361    0.84104
       267   0.732673   0.903374   0.956169   0.929022
       268   0.683168   0.676471   0.613333   0.643357
       269   0.821782   0.742444   0.757373   0.749834
       270   0.455446   0.555102   0.599119   0.576271
       271   0.752475   0.692478   0.566004   0.622886
       272   0.534653   0.436744   0.297601    0.35399
       273   0.821782   0.697497   0.588073   0.638128
       274    0.70297    0.53775   0.418465   0.470668
       275   0.732673   0.881173   0.870427   0.875767
       276   0.871287   0.487179   0.619565   0.545455
       277   0.712871    0.36713   0.343272     0.3548
       278   0.910891   0.572447   0.487854   0.526776
       279 0.00990099   0.394422        0.4   0.397192
       280   0.861386   0.835294   0.806114   0.820444
       281   0.861386   0.757895    0.72605   0.741631
       282   0.772277   0.578475   0.621188   0.599071
       283    0.80198   0.661818   0.668299   0.665043
       284   0.712871   0.942149   0.888889   0.914744
       285   0.861386   0.840816   0.828974   0.834853
       286   0.782178   0.451866   0.427509   0.439351
       287   0.732673   0.552448   0.503185   0.526667
       288   0.871287   0.859821   0.823781   0.841415
       289   0.811881   0.880355   0.889552   0.884929
       290   0.712871   0.340892   0.348802   0.344802
       291   0.782178   0.902062   0.853659   0.877193
       292   0.891089   0.812925   0.856631   0.834206
       293   0.237624   0.738281   0.735409   0.736842
       294   0.752475   0.730277   0.776644   0.752747
       295   0.752475   0.655556   0.637838   0.646575
       296   0.811881   0.523891   0.459581   0.489633
       297   0.841584   0.561644   0.613248   0.586313
       298    0.90099   0.714646   0.800566    0.75517
       299   0.683168   0.690058       0.59   0.636119
       300   0.831683    0.73699   0.830428   0.780924
       301   0.881188   0.614458   0.866505   0.719033
       302   0.891089    0.84127   0.903088   0.871084
       303   0.841584   0.648923   0.747445   0.694708
       304    0.70297   0.709877    0.64486   0.675808
       305   0.821782   0.755047   0.659224    0.70389
       306   0.851485   0.755897   0.779894   0.767708
       307   0.693069   0.478368   0.548936   0.511229
       308   0.792079   0.695062   0.684083   0.689528
       309    0.80198   0.772455   0.841762   0.805621
       310   0.574257   0.585299   0.456476   0.512922
       311   0.821782    0.89881   0.885111   0.891908
       312   0.633663   0.415771   0.223722   0.290909
       313   0.861386   0.563991   0.623501   0.592255
       314   0.831683       0.56   0.704142   0.623853
       315   0.455446   0.576779   0.516779   0.545133
       316    0.50495   0.422156   0.436533   0.429224
       317   0.821782   0.414634   0.460289    0.43627
       318   0.930693   0.702564   0.778409   0.738544
       319   0.821782   0.679849   0.532448   0.597188
       320   0.851485   0.940976   0.939909   0.940442
       321    0.70297   0.822047   0.760933    0.79031
       322   0.762376   0.705556   0.584177   0.639155
       323   0.792079   0.668654   0.622029   0.644499
       324   0.346535   0.814685   0.681287   0.742038
       325   0.881188   0.711261   0.735323   0.723092
       326   0.871287   0.848259   0.799531   0.823174
       327   0.653465   0.667114   0.680822   0.673898
       328   0.524752   0.799383   0.744253   0.770833
       329   0.861386   0.768012   0.802711   0.784978
       330   0.841584   0.478041   0.495622   0.486672
       331   0.712871    0.77425   0.646539   0.704655
       332    0.80198   0.457992   0.431467   0.444334
       333   0.871287   0.756159   0.644241   0.695728
       334   0.871287   0.498789   0.620482    0.55302
       335   0.287229   0.535088   0.600985   0.566125
       336   0.792079   0.324263   0.616379   0.424963
       337   0.544554   0.762475   0.718045   0.739593
       338   0.841584   0.720588   0.702869   0.711618
       339   0.811881   0.737483    0.74352   0.740489
       340   0.881188   0.666667    0.73913   0.701031
       341   0.851485   0.696774   0.649299   0.672199
       342   0.415842   0.567325    0.49298   0.527546
       343   0.346535   0.764045   0.778626   0.771267
       344   0.841584   0.879967     0.7418   0.804998
       345   0.752475   0.835714    0.82783   0.831754
       346   0.881188   0.513369   0.738462   0.605678
       347    0.70407   0.441176   0.394737   0.416667
       348   0.326833   0.721519   0.697248   0.709176
       349   0.891089   0.438687   0.473881   0.455605
       350   0.712871   0.893574   0.724756    0.80036
       351    0.90099   0.891929   0.908078   0.899931
       352   0.831683   0.336103   0.601653    0.43128
       353   0.710671   0.658215   0.512121   0.576049
       354    0.80198    0.68797   0.899263   0.779553
       355   0.920792        0.5   0.660194   0.569038
       356    0.40074   0.620451   0.566456   0.592225
       357   0.752475   0.530255   0.524409   0.527316
       358   0.762976   0.373528   0.420947   0.395823
       359   0.891089   0.780083    0.75502   0.767347
       360   0.584158     0.6793   0.600515   0.637483
       361   0.722772   0.829173   0.762554   0.794469
       362   0.722772   0.498586   0.510618    0.50453
       363   0.445545      0.725   0.543228   0.621087
       364   0.465947   0.674194   0.771218   0.719449
       365   0.861386   0.729529   0.781915   0.754814
       366    0.80198   0.576446   0.564206   0.570261
       367   0.871287   0.818731   0.884176   0.850196
       368   0.821782   0.720251   0.730932   0.725552
       369  0.0891089   0.577689   0.333717   0.423049
       370   0.841584   0.389571   0.435678   0.411336
       371   0.712871   0.616364     0.5347   0.572635
       372   0.861386   0.777898   0.757384   0.767504
       373   0.811881   0.708241   0.646341   0.675877
       374   0.811881   0.679781   0.745803   0.711264
       375   0.821782   0.570526    0.64988   0.607623
       376   0.871287   0.580087    0.72043   0.642686
       377   0.831683   0.694413      0.725   0.709377
       378   0.891089   0.462555       0.75   0.572207
       379   0.742574   0.339066   0.393162   0.364116
       380   0.722772    0.89071   0.817726   0.852659
       381   0.917192   0.545455   0.643296   0.590349
       382   0.821782    0.69589   0.677333   0.686486
       383   0.831683   0.848721   0.748039   0.795206
       384   0.841584   0.694595   0.621524   0.656031
       385   0.623762   0.640662   0.500924   0.562241
       386   0.683168    0.72028   0.562074   0.631418
       387   0.821782    0.24843   0.427469   0.314237
       388   0.811881    0.69764   0.562426   0.622778
       389   0.881188   0.504021   0.534091   0.518621
       390 0.00990099   0.259317   0.391101   0.311858
       391    0.80198   0.842105   0.826667   0.834315
       392   0.574257   0.632353   0.679842   0.655238
       393    0.90099   0.732578    0.83185   0.779064
       394   0.821782   0.678466   0.761589   0.717629
       395   0.574257   0.641944   0.307975   0.416252
       396   0.841584   0.565934   0.602339   0.583569
       397   0.831683   0.516544   0.627232   0.566532
       398   0.594059    0.40493    0.33046   0.363924
       399   0.108911   0.577371   0.368757   0.450065
       400   0.762376   0.783838   0.864143   0.822034
       401   0.693069   0.753968     0.5716    0.65024
       402   0.851485   0.791241   0.584682   0.672457
       403   0.792079    0.58371   0.446367   0.505882
       404   0.752475   0.778065   0.662637   0.715727
       405   0.584158    0.68714    0.56378   0.619377
       406   0.831683   0.431611   0.589212   0.498246
       407   0.792079   0.309917   0.170843   0.220264
       408   0.851485   0.654709   0.776596   0.710462
       409   0.851485   0.606173   0.574269    0.58979
       410   0.722772   0.505017   0.522491   0.513605
       411   0.881188   0.472892   0.668085   0.553792
       412   0.554455   0.648052   0.517635   0.575548
       413    0.70297   0.819216   0.781665        0.8
       414   0.732673   0.781714    0.65205   0.711019
       415    0.80198    0.61578   0.633157   0.624348
       416   0.831683   0.581132   0.663793   0.619718
       417   0.881188   0.607192   0.742809   0.668189
       418   0.841584        0.9   0.760098   0.824154
       419   0.613861   0.762712   0.478723   0.588235
       420   0.851485   0.793358   0.836576   0.814394
       421   0.752475   0.731959   0.698647   0.714915
       422   0.881188   0.791753   0.705234   0.745993
       423   0.732673   0.338129   0.189899   0.243208
       424   0.792079   0.839749   0.728827   0.780366
       425   0.881188   0.758229   0.698015   0.726877
       426   0.742574   0.814815   0.794055   0.804301
       427   0.613861    0.60973   0.527103   0.565414
       428   0.772277   0.807256   0.770563   0.788483
       429   0.861386   0.749094    0.76645   0.757673
       430   0.930693   0.834842   0.806557   0.820456
       431   0.584158   0.551527   0.347356   0.426254
       432   0.514851   0.867925   0.858667   0.863271
       433   0.851485   0.655814   0.689487   0.672229
       434   0.108911   0.575758   0.379393    0.45739
       435   0.891089   0.804825   0.772632     0.7884
       436   0.742874   0.643885   0.650909   0.647378
       437   0.782178   0.812332   0.782946   0.797368
       438   0.871287   0.629032       0.78   0.696429
       439   0.851485   0.685714        0.8   0.738462
       440   0.821782   0.715125   0.647606   0.679693
       441   0.693069   0.518325   0.460465   0.487685
       442   0.712871   0.700219   0.599251   0.645812
       443   0.910891   0.619289   0.788793   0.693839
       444   0.792079   0.566265   0.651485   0.605893
       445   0.712871    0.88677   0.820287   0.852234
       446   0.742574   0.883333   0.826139   0.853779
       447   0.782178   0.750438   0.596381   0.664599
       448   0.910891   0.831395   0.841176   0.836257
       449    0.80198   0.639903   0.627685   0.633735
       450    0.90099   0.854245   0.789035   0.820346
       451   0.722772   0.781116   0.614865   0.688091
       452   0.910891   0.741935   0.608466   0.668605
       453   0.831683   0.747734   0.851979    0.79646
       454   0.633663   0.676923   0.594595   0.633094
       455   0.871287   0.818634   0.775294   0.796375
       456   0.811881    0.77437   0.748148   0.761033
       457   0.623762   0.733471   0.714286   0.723751
       458    0.90099   0.873199   0.844796   0.858762
       459   0.653465   0.597647   0.574661   0.585928
       460   0.831683   0.895973   0.826625   0.859903
       461   0.861386   0.372781   0.533898   0.439024
       462   0.831683   0.480392   0.486755   0.483553
       463   0.742574   0.613208   0.474453   0.534979
       464   0.732673   0.776243    0.69727   0.734641
       465   0.782178    0.83905   0.751773   0.793017
       466   0.871287   0.763462   0.633174   0.692241
       467    0.90099   0.887324   0.902148   0.894675
       468   0.792079    0.84517   0.789125   0.816187
       469   0.881188    0.57538   0.505468   0.538163
       470   0.861386   0.675725   0.755061   0.713193
       471   0.376238   0.601726   0.254963   0.358165
       472   0.782178   0.598039   0.571429   0.584431
       473   0.712871   0.876972   0.896774   0.886762
       474   0.841584   0.698487   0.662252   0.679887
       475   0.792079      0.704   0.526946    0.60274
       476   0.683168   0.631868   0.766667   0.692771
       477   0.782178   0.425466   0.433544   0.429467
       478   0.683168   0.837793   0.759091   0.796502
       479   0.881188   0.773132   0.855315    0.81215
       480   0.811881   0.731768   0.602238   0.660714
       481   0.821782   0.941889   0.797131   0.863485
       482   0.861386   0.717252   0.771478   0.743377
       483   0.861386   0.692857   0.624799    0.65707
       484    0.90099   0.823464   0.930556    0.87374
       485   0.851485   0.539409   0.518957   0.528986
       486   0.891089   0.563636   0.753036   0.644714
       487   0.534653    0.84767   0.772876   0.808547
       488   0.831683   0.520124   0.581315    0.54902
       489   0.732673   0.929236   0.866319   0.896676
       490   0.762376   0.839718   0.767035   0.801732
       491   0.851485   0.709343   0.681063   0.694915
       492   0.465347   0.614679   0.509506   0.557173
       493   0.623762     0.6375   0.642857   0.640167
       494   0.762376    0.49434   0.582222   0.534694
       495   0.633663   0.608434    0.43101    0.50458
       496   0.841584   0.683857   0.758706    0.71934
       497   0.782178    0.58134   0.601485   0.591241
       498   0.732673   0.638532   0.510264   0.567237
       499   0.425743   0.553309   0.410641   0.471417
       500   0.841584   0.780836   0.791322   0.786044
       501   0.653465    0.84966   0.770512   0.808153
       502    0.49505   0.404762   0.228086   0.291762
       503   0.772277   0.930812   0.875108   0.902101
       504   0.910891   0.891958   0.860502   0.875947
       505   0.653465   0.446565    0.46988   0.457926
       506   0.782178   0.791425   0.666992     0.7239
       507   0.514851   0.772727    0.56465   0.652502
       508   0.851485   0.864307   0.786577   0.823612
       509   0.792079   0.634349   0.681548   0.657102
       510   0.752475   0.350515   0.335802   0.343001
       511   0.544554   0.753695   0.621951   0.681514
       512   0.594059   0.449324   0.302961   0.361905
       513   0.762376   0.852713   0.826033   0.839161
       514    0.70297   0.821429   0.824104   0.822764
       515   0.811881   0.564706        0.8   0.662069
       516   0.891089   0.828648   0.856155   0.842177
       517   0.821782   0.607509   0.780702   0.683301
       518   0.683768   0.871681   0.819127   0.844587
       519   0.831683   0.879346   0.825336   0.851485
       520    0.90099   0.589202   0.767584   0.666667
       521    0.50495   0.784367   0.748072   0.765789
       522   0.752475   0.686084   0.480726   0.565333
       523   0.881188    0.56567      0.625   0.593857
       524   0.851485   0.792035   0.744283   0.767417
       525   0.584158   0.870403   0.868881   0.869641
       526    0.80068   0.636822   0.491267   0.554654
       527   0.346535   0.671378   0.493506   0.568862
       528   0.772277   0.862944   0.876289   0.869565
       529   0.831683    0.82494   0.847291   0.835966
       530   0.744674   0.436395   0.573336   0.495579
       531   0.821782   0.471731   0.511494   0.490809
       532   0.485149   0.217719    0.23741   0.227139
       533   0.782178   0.697095   0.477273    0.56661
       534    0.90099   0.723077   0.710924   0.716949
       535   0.861386   0.848708    0.70122   0.767947
       536   0.188219   0.423246   0.296012   0.348375
       537   0.782178   0.532787   0.567686   0.549683
       538   0.525553   0.843844   0.826471   0.835067
       539   0.891089   0.626549   0.664165   0.644809
       540    0.80198   0.584514   0.577965   0.581221
       541   0.841584   0.628657   0.748214   0.683245
       542   0.673267   0.805936   0.815242   0.810563
       543   0.881188   0.938144   0.861199   0.898026
       544   0.782178   0.718245   0.676087   0.696529
       545   0.623762   0.829493   0.629371   0.715706
       546   0.841584   0.705566   0.664975   0.684669
       547   0.534653   0.736842   0.602706   0.663058
       548   0.762376   0.640625    0.58443   0.611239
       549   0.811881   0.870149   0.849854   0.859882
       550   0.465347   0.765812   0.706625   0.735029
       551   0.762376       0.75   0.723562   0.736544
       552   0.712871   0.596491   0.589595   0.593023
       553   0.653465      0.475   0.259705   0.335808
       554   0.831683   0.687126   0.687126   0.687126
       555   0.742574   0.554243   0.563934   0.559047
       556   0.821782   0.824147   0.724337   0.771025
       557   0.811881   0.862069   0.753187   0.803958
       558   0.742574   0.648649    0.62439   0.636288
       559   0.807681   0.663963   0.736316    0.69827
       560   0.841584   0.774468   0.842593   0.807095
       561   0.712871   0.698198   0.644491    0.67027
       562   0.861386   0.443894   0.479501   0.461011
       563   0.623762    0.70816    0.55113   0.619855
       564   0.811881   0.497143   0.649254   0.563107
       565   0.811881    0.86317   0.750992   0.803183
       566   0.811881   0.775229    0.63375   0.697387
       567   0.643564   0.585427   0.495745   0.536866
       568   0.752475   0.656751   0.438838   0.526123
       569   0.861386   0.666107   0.642395   0.654036
       570   0.643564   0.615804   0.633053   0.624309
       571   0.841584   0.371237        0.5   0.426104
       572   0.876388    0.79104   0.749783   0.769859
       573   0.811881   0.764805    0.83549   0.798587
       574   0.772277   0.495379   0.444444   0.468531
       575   0.752475   0.684435   0.784841   0.731207
       576   0.762376   0.524155   0.342541    0.41432
       577   0.782178   0.465046   0.383459    0.42033
       578   0.861386   0.778796   0.828691   0.802969
       579   0.653465   0.588966   0.555267    0.57162
       580   0.514851   0.480687    0.48855   0.484586
       581   0.851485   0.536432   0.414966   0.467945
       582   0.841584      0.724   0.727882   0.725936
       583    0.90099       0.77   0.799308    0.78438
       584    0.70297   0.694624   0.599258   0.643426
       585   0.891089   0.771028   0.697674   0.732519
       586   0.772277   0.615672   0.568966   0.591398
       587   0.861386    0.68097   0.710117   0.695238
       588 0.00990099   0.419786   0.214481   0.283906
       589   0.910891   0.822734    0.88765    0.85396
       590   0.029703   0.607429   0.571233   0.588775
       591   0.653465   0.867209   0.864865   0.866035
       592   0.811881   0.775362   0.757522   0.766338
       593 0.00990099    0.54878   0.307167   0.393873
       594   0.752475   0.574843   0.445419   0.501922
       595   0.693069   0.695327    0.72093   0.707897
       596   0.891089   0.615385   0.707246   0.658125
       597   0.861386   0.853887   0.750294   0.798746
       598   0.851485   0.755459   0.746763   0.751085
       599   0.910891   0.670641     0.7109   0.690184
       600   0.722772    0.86236   0.801567   0.830853
       601   0.821782   0.476023    0.59157   0.527544
       602   0.841584   0.418831   0.316953   0.360839
       603   0.831683   0.290757    0.37575   0.327835
       604   0.762376   0.660177    0.72147   0.689464
       605   0.693069   0.756329   0.619974   0.681397
       606   0.643564   0.796584   0.588978   0.677228
       607   0.811881    0.48855    0.65641   0.560175
       608   0.891089   0.879825   0.906872   0.893143
       609   0.841584    0.75641   0.690867   0.722154
       610   0.821782   0.701111   0.671277    0.68587
       611   0.722772   0.345345   0.318266   0.331253
       612   0.871287   0.787823   0.727428   0.756422
       613   0.940594   0.755446   0.816043   0.784576
       614   0.267327   0.847507   0.800554   0.823362
       615   0.841584   0.763668   0.776682    0.77012
       616   0.782178   0.883378   0.856957   0.869967
       617   0.821782   0.489146   0.444152   0.465565
       618   0.683168   0.277049   0.436693   0.339017
       619   0.782178   0.738701   0.696405   0.716929
       620   0.811881   0.590278   0.590278   0.590278
       621   0.851485   0.367882   0.532125   0.435017
       622   0.841584   0.693916   0.763598   0.727092
       623   0.316832   0.665714   0.730408   0.696562
       624   0.782178   0.826848    0.74171   0.781969
       625    0.90099   0.788618   0.720297   0.752911
       626   0.831683   0.849835   0.887931   0.868465
       627   0.881188   0.785714   0.843558   0.813609
       628   0.752475   0.569349   0.618136    0.59274
       629   0.673267   0.736264   0.657784   0.694815
       630   0.841584   0.643382   0.511696   0.570033
       631   0.831683   0.840538   0.864625   0.852411
       632   0.792079   0.716418   0.656716   0.685269
       633   0.584158   0.526749   0.475836        0.5
       634   0.811881   0.822747   0.811953   0.817315
       635   0.841584   0.664901   0.522373   0.585082
       636   0.851485   0.728499   0.528764   0.612766
       637    0.80198      0.475   0.566396   0.516687
       638   0.885489   0.552741   0.627389   0.587704
       639    0.60396   0.757282   0.693333   0.723898
       640   0.855686   0.718005   0.688091    0.70273
       641   0.821782   0.611538   0.513566   0.558287
       642   0.534653       0.77   0.728132   0.748481
       643   0.831683   0.732673   0.711538   0.721951
       644   0.792079   0.470588   0.622478    0.53598
       645   0.643564   0.579439   0.502024   0.537961
       646   0.782178   0.692308   0.687273   0.689781
       647   0.782178   0.525292    0.54878   0.536779
       648   0.861386   0.221402   0.233463   0.227273
       649   0.851485    0.93343   0.784672   0.852611
       650   0.861386   0.717822   0.611814   0.660592
       651    0.80198   0.457983    0.64881   0.536946
       652   0.940594   0.777473   0.799435   0.788301
       653   0.881188   0.391167   0.463551   0.424294
       654   0.742574   0.382239   0.404082   0.392857
       655   0.792079   0.813589   0.856881   0.834674
       656   0.643564   0.569579   0.698413   0.627451
       657   0.594059   0.702454   0.535673    0.60783
       658   0.821782   0.490876   0.608597   0.543434
       659   0.752475   0.648951   0.640884   0.644892
       660   0.108911   0.682081   0.702381   0.692082
       661   0.792079   0.674242   0.649635    0.66171
       662   0.851485   0.776744   0.832226   0.803528
       663   0.871287    0.52381   0.613734   0.565217
       664   0.743174   0.700565   0.694678   0.697609
       665    0.80198    0.73132   0.661871   0.694864
       666   0.752475   0.630197   0.676056   0.652322
       667   0.544554   0.865882   0.882494   0.874109
       668   0.772277   0.638142   0.591837   0.614118
       669   0.871287   0.650974   0.719928   0.683717
       670   0.881188   0.811856    0.70208   0.752988
       671   0.346535   0.613003   0.522427   0.564103
       672    0.49805   0.804688    0.78327   0.793834
       673   0.613861      0.742   0.674545   0.706667
       674   0.861386   0.532281   0.591707   0.560423
       675   0.416442   0.619512   0.661458   0.639798
       676   0.930693   0.703883   0.674419   0.688836
       677   0.722772   0.846008    0.84121   0.843602
       678   0.841584   0.747683   0.769068   0.758225
       679   0.821782   0.514196        0.5   0.506998
       680   0.416442   0.473469   0.437736   0.454902
       681   0.643564   0.676039   0.359091   0.469042
       682   0.920792   0.556657   0.733209    0.63285
       683   0.861386    0.43696    0.38626   0.410049
       684   0.841584   0.505274    0.70547   0.588821
       685    0.50495    0.78882   0.803797   0.796238
       686   0.316832   0.594805   0.327611   0.422509
       687    0.80198     0.6403   0.657265   0.648671
       688   0.871287   0.496063   0.647482   0.561748
       689   0.851485   0.534202   0.625954    0.57645
       690   0.861386   0.832178   0.717703   0.770713
       691   0.445545   0.734524    0.45401   0.561164
       692   0.663366    0.58885   0.484241   0.531447
       693   0.871287   0.625461   0.765237   0.688325
       694    0.80198   0.716418   0.561769   0.629738
       695   0.722772   0.671186   0.730627   0.699647
       696   0.356436   0.471212   0.413564    0.44051
       697   0.881188   0.682111   0.800604   0.736623
       698   0.712871   0.697248   0.778157   0.735484
       699   0.811881   0.458493   0.871359   0.600837
       700   0.465347   0.814672   0.799242   0.806883
       701   0.257426   0.514019   0.267857   0.352188
       702    0.70297    0.74677   0.762533   0.754569
       703   0.811881   0.792864   0.754717    0.77332
       704   0.217822   0.547872   0.312595   0.398068
       705   0.792079   0.697568   0.596104   0.642857
       706   0.782178   0.574074   0.591281    0.58255
       707   0.821782   0.793165   0.757732   0.775044
       708   0.821782   0.637076   0.672176   0.654155
       709   0.772277   0.615455   0.547463   0.579472
       710   0.693069   0.679891   0.564773   0.617008
       711   0.869687   0.356292    0.46742    0.40436
       712   0.861386    0.36919   0.355499   0.362215
       713   0.910891   0.813029   0.925819   0.865766
       714   0.821782   0.638554   0.606407   0.622066
       715   0.732673   0.961165   0.835443   0.893905
       716   0.752475   0.570485   0.571744   0.571114
       717   0.772277    0.64794   0.804651   0.717842
       718 0.00990099   0.774236   0.369221        0.5
       719   0.851485   0.610909   0.707368    0.65561
       720   0.732673   0.455319   0.460215   0.457754
       721   0.594059   0.815235   0.807384    0.81129
       722   0.554455   0.567961   0.427007     0.4875
       723   0.782178   0.671932   0.646784   0.659118
       724   0.831783   0.708029   0.595092   0.646667
       725    0.70297    0.69094   0.568641   0.623853
       726    0.70297   0.820442      0.792    0.80597
       727   0.792079   0.804762     0.7676   0.785742
       728    0.80198   0.838337   0.830664   0.834483
       729   0.742574   0.664165   0.561905    0.60877
       730   0.722772    0.73678   0.590395   0.655515
       731   0.742574   0.927746   0.862903    0.89415
       732   0.574257   0.853392   0.946602   0.897583
       733    0.70297   0.694815   0.670959   0.682678
       734   0.831683    0.65727   0.635581   0.646244
       735   0.920792   0.735033   0.732597   0.733813
       736   0.891089   0.841131   0.893375   0.866466
       737   0.871287   0.749469   0.865196   0.803185
       738   0.584158   0.549223   0.451064   0.495327
       739   0.841584   0.401015   0.489164   0.440725
       740   0.752475   0.577869   0.534091   0.555118
       741   0.465347   0.837383   0.797153   0.816773
       742   0.431743   0.806546   0.795176    0.80082
       743   0.831683   0.682505   0.757794   0.718182
       744   0.712871   0.801802   0.688588   0.740895
       745   0.821782   0.635488   0.592308   0.613139
