0.00990099   0.786515   0.389631    0.52111
  0.019802   0.783855   0.399864   0.529577
  0.029703   0.782199   0.406195   0.534714
  0.039604   0.780959   0.411093   0.538646
  0.049505   0.779789   0.415163   0.541845
 0.0594059   0.778922   0.418672   0.544613
 0.0693069   0.778001   0.421735   0.546971
 0.0792079   0.777081   0.424486    0.54905
 0.0891089    0.77608   0.427009   0.550904
 0.0990099   0.775259   0.429322   0.552617
  0.108911   0.774445   0.431624   0.554312
  0.118812   0.773688   0.433778    0.55589
  0.128713   0.773053   0.436004   0.557549
  0.138614   0.772338   0.438119   0.559087
  0.148515   0.771534    0.44026   0.560616
  0.158416   0.770916   0.442415   0.562196
  0.168317   0.770417   0.444602   0.563825
  0.178218   0.769687   0.446556   0.565197
  0.188119   0.769092     0.4484    0.56651
   0.19802   0.768441   0.450172   0.567745
  0.207921   0.767829   0.451936   0.568978
  0.217822   0.767271   0.453676   0.570201
  0.227723    0.76664   0.455351   0.571347
  0.237624   0.766073   0.457088   0.572554
  0.247525   0.765536   0.458884    0.57381
  0.257426   0.764819   0.460543   0.574903
  0.267327   0.764125   0.462292   0.576066
  0.277228   0.763579   0.464064   0.577284
  0.287129   0.762765   0.465739   0.578344
   0.29703   0.762117    0.46761   0.579598
  0.306931    0.76154   0.469618    0.58097
  0.316832    0.76071   0.471553   0.582205
  0.326733   0.759909   0.473478   0.583434
  0.336634   0.759014   0.475454   0.584667
  0.346535   0.758123   0.477478   0.585929
  0.356436   0.757192    0.47953   0.587192
  0.366337   0.756187   0.481543   0.588394
  0.376238   0.755235   0.483462   0.589535
  0.386139   0.754438   0.485266    0.59063
   0.39604   0.753528   0.487129   0.591727
  0.405941   0.752703   0.488969   0.592827
  0.415842   0.751943   0.490932   0.594031
  0.425743   0.751078   0.493015   0.595282
  0.435644   0.750177   0.495091   0.596507
  0.445545   0.749307   0.497329   0.597852
  0.455446   0.748342   0.499487     0.5991
  0.465347   0.747321   0.501647   0.600322
  0.475248   0.746189   0.503871   0.601544
  0.485149   0.745101   0.506261   0.602888
   0.49505   0.743908   0.508703   0.604223
   0.50495   0.742738   0.511257   0.605632
  0.514851    0.74146   0.513784   0.606974
  0.524752   0.740307    0.51659   0.608539
  0.534653   0.738883   0.519416    0.61001
  0.544554   0.737565   0.522254   0.611511
  0.554455   0.735994   0.525105   0.612916
  0.564356   0.734426   0.527934   0.614291
  0.574257   0.732564   0.530825   0.615588
  0.584158   0.730963   0.533808   0.617019
  0.594059    0.72938   0.536837   0.618469
   0.60396   0.727696    0.53982   0.619834
  0.613861   0.725995   0.542956   0.621274
  0.623762   0.724298   0.546278   0.622817
  0.633663   0.722576   0.549595   0.624325
  0.643564   0.720588   0.553105   0.625835
  0.653465   0.718436   0.556608   0.627252
  0.663366   0.716267   0.560318   0.628767
  0.673267   0.714014   0.564285   0.630381
  0.683168   0.711579   0.568415   0.631991
  0.693069   0.709043   0.572586    0.63355
   0.70297   0.706371   0.576803   0.635045
  0.712871   0.703474   0.581407   0.636642
  0.722772    0.70046   0.586347   0.638344
  0.732673   0.696937   0.591237    0.63975
  0.742574   0.692981   0.596425   0.641087
  0.752475   0.688883   0.601833   0.642423
  0.762376   0.684254   0.607648    0.64368
  0.772277   0.679208   0.613927    0.64492
  0.782178   0.673788   0.620512   0.646053
  0.792079   0.667906   0.627507   0.647077
   0.80198    0.66161   0.635044   0.648055
  0.811881   0.654424   0.643105   0.648715
  0.821782     0.6466   0.651751   0.649165
  0.831683   0.637285   0.660975   0.648914
  0.841584   0.626982   0.670927   0.648211
  0.851485   0.614743   0.681565   0.646432
  0.861386   0.600831   0.693538   0.643864
  0.871287   0.584796   0.706187   0.639785
  0.881188   0.565555   0.719401   0.633268
  0.891089   0.543307   0.733129   0.624103
   0.90099   0.517467    0.74797   0.611725
  0.910891   0.487562   0.764057    0.59527
  0.920792   0.452371   0.780602   0.572797
  0.930693   0.409925   0.797439   0.541494
  0.940594    0.36024   0.814157   0.499476
  0.950495   0.301597   0.830912   0.442558
  0.960396   0.236685   0.850069   0.370275
  0.970297   0.166019   0.866196   0.278634
  0.980198  0.0900325   0.881168   0.163372
  0.990099  0.0254171   0.910772  0.0494541
