         1    0.80198   0.318898   0.861702   0.465517
         2   0.534653   0.434879   0.299848   0.354955
         3    0.49505   0.585044   0.337992   0.428456
         4   0.742574   0.532609    0.30625   0.388889
         5   0.485149   0.396022   0.475054   0.431953
         6   0.623762   0.298246   0.310976   0.304478
         7   0.534653   0.465863   0.314363   0.375405
         8   0.623762   0.456911   0.407837   0.430982
         9   0.584158   0.470899   0.336484   0.392503
        10   0.564356   0.437309   0.107116   0.172082
        11   0.544554   0.482728    0.44967   0.465613
        12   0.683168   0.368116   0.409677   0.387786
        13    0.70297   0.392917    0.48847   0.435514
        14   0.861386   0.771991   0.901351   0.831671
        15   0.455446   0.480253   0.366265   0.415584
        16   0.794479   0.475575   0.662122   0.553555
        17   0.574257   0.628624   0.515688   0.566583
        18   0.633663   0.662585   0.497955   0.568593
        19   0.752475   0.288889   0.447605   0.351145
        20   0.752475    0.20679   0.137577   0.165228
        21   0.584158   0.496491   0.195442   0.280476
        22   0.564356   0.705009    0.58642    0.64027
        23   0.752475   0.673432   0.747951   0.708738
        24   0.524752   0.270802   0.216445   0.240591
        25    0.60396   0.439252   0.334917   0.380054
        26   0.732673   0.354207   0.223733   0.274242
        27   0.633663   0.446281   0.386266    0.41411
        28   0.821782   0.317427    0.93865   0.474419
        29   0.386139   0.529343   0.146144    0.22905
        30   0.613861   0.396181   0.244838   0.302644
        31   0.613861   0.268229   0.245823   0.256538
        32    0.50495   0.309618   0.323246   0.316285
        33   0.762376   0.289062   0.637931   0.397849
        34   0.742574   0.422846   0.748227   0.540333
        35   0.555056    0.27442   0.211119   0.238643
        36   0.821782   0.631579   0.893617   0.740088
        37   0.712871    0.21547   0.171806   0.191176
        38   0.356436    0.47166   0.210479   0.291068
        39   0.643564   0.473492   0.401239   0.434382
        40   0.485149    0.28858   0.252703   0.269452
        41   0.435644    0.47178   0.211551   0.292115
        42   0.693069   0.202532   0.174863   0.187683
        43   0.564356   0.224153   0.149392   0.179291
        44   0.828383   0.647651   0.699467   0.672562
        45   0.524752   0.238494   0.161473   0.192568
        46   0.435644   0.669826   0.538071   0.596763
        47   0.594159   0.483658   0.215686   0.298332
        48   0.712871   0.478992    0.48927   0.484076
        49   0.712871   0.392157   0.394265   0.393208
        50    0.49505   0.588356   0.298887   0.396401
        51   0.722772   0.505714   0.449809   0.476126
        52   0.673267   0.452342   0.564516   0.502242
        53   0.742574   0.578761   0.540496   0.558974
        54   0.683168   0.516199   0.696793   0.593052
        55    0.50395    0.22687   0.387144   0.286089
        56   0.306931   0.398693   0.130342   0.196457
        57   0.712871   0.479224   0.706122   0.570957
        58   0.633663   0.309211   0.618421   0.412281
        59   0.752475    0.27027   0.636943   0.379507
        60   0.742574   0.413306    0.82996   0.551817
        61   0.732673   0.595541   0.613115     0.6042
        62    0.49505   0.546419   0.475751   0.508642
        63   0.552955   0.340087   0.338615   0.339349
        64   0.564356   0.463141   0.212344   0.291184
        65   0.435644   0.741276   0.290155   0.417062
        66   0.554455   0.678019   0.400366   0.503448
        67   0.584158    0.45706   0.300191   0.362377
        68   0.326733   0.582043   0.232962   0.332743
        69   0.623762    0.30617   0.457391   0.366806
        70    0.80198   0.206897    0.53202   0.297931
        71   0.732673   0.382222   0.637037   0.477778
        72   0.663366   0.248631   0.328509   0.283042
        73   0.643564   0.518214   0.134083   0.213043
        74   0.610261   0.398861   0.341364    0.36788
        75    0.70297   0.624138   0.747934   0.680451
        76   0.821882   0.276968   0.431818   0.337478
        77   0.742574   0.514474   0.531973   0.523077
        78   0.663366   0.601852   0.507812   0.550847
        79   0.544554   0.428349   0.198843   0.271605
        80   0.425743   0.334395   0.244375   0.282385
        81    0.70297   0.486702   0.146988   0.225787
        82   0.613861   0.573066      0.625   0.597907
        83   0.950495   0.599099   0.661692   0.628842
        84   0.485149   0.377668   0.310391   0.340741
        85   0.643564   0.376147   0.457589    0.41289
        86   0.772277    0.15869   0.406452   0.228261
        87   0.446345   0.236978   0.301804   0.265491
        88   0.655266   0.280921    0.42348   0.337775
        89   0.623762    0.43314   0.562264   0.489327
        90   0.574257   0.341682   0.364504   0.352724
        91   0.838484   0.533778   0.578891    0.55542
        92    0.49505   0.751634   0.614152   0.675974
        93   0.326733   0.468124   0.285556   0.354727
        94   0.762376   0.286895   0.496933   0.363772
        95   0.425743   0.845024   0.641884   0.729577
        96   0.733373   0.426436    0.46707   0.445829
        97   0.841584   0.246824   0.363636   0.294054
        98   0.584158    0.27439   0.163934   0.205245
        99   0.613861   0.699805   0.499652   0.583029
       100   0.514851   0.431138   0.327273   0.372093
       101   0.861386    0.21267   0.734375   0.329825
       102   0.623762   0.429197   0.370277   0.397566
       103   0.544554   0.466997   0.200141   0.280198
       104   0.693069   0.365169   0.576497    0.44712
       105   0.712871   0.407843   0.530612   0.461197
       106   0.543754   0.361463   0.502545   0.420485
       107   0.584158   0.476886   0.514436   0.494949
       108   0.653465   0.528017   0.590361   0.557452
       109   0.683168   0.398148   0.398675   0.398412
       110   0.851485   0.188172   0.614035   0.288066
       111   0.782178   0.338614   0.810427   0.477654
       112   0.623762   0.489362   0.357143   0.412926
       113   0.554455   0.431304   0.510288   0.467484
       114   0.534653   0.443418   0.275466   0.339823
       115   0.415842      0.512   0.115108   0.187959
       116   0.485149   0.578571   0.143872   0.230441
       117   0.643564   0.544018   0.177729   0.267927
       118   0.594059   0.420546   0.295378    0.34702
       119   0.455446   0.329694   0.173763   0.227581
       120   0.673267   0.245955   0.370732    0.29572
       121   0.847385   0.231108   0.379392   0.287242
       122   0.723572   0.406268   0.625722   0.492662
       123   0.613861   0.278034   0.349421   0.309666
       124   0.558956   0.496186   0.313965   0.384583
       125   0.514851   0.314917   0.277597   0.295082
       126   0.574257   0.518367   0.749263   0.612786
       127   0.564356   0.550909   0.182861   0.274581
       128   0.544554   0.379501   0.369272   0.374317
       129   0.663366   0.507979   0.521858   0.514825
       130   0.722772   0.391181   0.547809   0.456432
       131    0.70297   0.267622   0.442688   0.333582
       132   0.485149   0.385965   0.323963   0.352256
       133   0.613861   0.594655   0.406393   0.482821
       134    0.60396   0.510234   0.296769   0.375269
       135   0.712871   0.432375    0.45061   0.441304
       136    0.49505   0.583333   0.757022   0.658924
       137   0.613861   0.493671   0.333968   0.398411
       138   0.732673   0.621118   0.280584   0.386548
       139   0.534653   0.563452   0.334589   0.419858
       140   0.594059   0.282434   0.523404    0.36689
       141   0.514851    0.57485   0.357764   0.441041
       142    0.60396   0.343634   0.497317   0.406433
       143    0.49505   0.429936   0.282427   0.340909
       144   0.623762   0.342484   0.251923   0.290305
       145   0.721372   0.460733   0.567897   0.508733
       146   0.643564   0.433409   0.208017   0.281113
       147   0.623762   0.204819   0.419753   0.275304
       148   0.653465   0.582026   0.697436   0.634526
       149   0.722772   0.491296   0.447183   0.468203
       150   0.792079    0.47494   0.686207   0.561354
       151    0.70297   0.300261   0.653409   0.411449
       152   0.638064   0.326087   0.435696   0.373006
       153    0.49505   0.574713    0.25729    0.35545
       154   0.544554   0.378815   0.350498   0.364107
       155   0.594059   0.530271   0.186902   0.276387
       156   0.722772    0.62141   0.581907    0.60101
       157   0.841584   0.657143   0.866834   0.747562
       158    0.50495    0.58047   0.239731   0.339323
       159   0.594059   0.426087   0.280534    0.33832
       160   0.594059   0.604972   0.616901   0.610879
       161    0.50495   0.531915   0.237033   0.327932
       162   0.732673   0.306759   0.356137   0.329609
       163   0.663366   0.256598   0.204678   0.227716
       164   0.792079   0.282927   0.865672   0.426471
       165   0.613861       0.39   0.819328   0.528455
       166   0.524752   0.428783   0.388964   0.407904
       167   0.633663    0.13587  0.0868056   0.105932
       168   0.417942   0.442907   0.309327   0.364257
       169   0.673267   0.413105   0.272556   0.328426
       170   0.455746   0.360612   0.418698    0.38749
       171   0.544554   0.448113   0.622951   0.521262
       172   0.663366   0.308511   0.537037   0.391892
       173   0.514851   0.493464   0.231064   0.314747
       174   0.386139    0.83844   0.218591   0.346774
       175    0.50495   0.388013   0.404605   0.396135
       176   0.524752   0.268081   0.366271   0.309577
       177   0.515952   0.512726   0.380738   0.436983
       178    0.90099   0.679487   0.946429   0.791045
       179   0.732673   0.421296   0.606667   0.497268
       180   0.663366   0.624046   0.730726   0.673186
       181   0.633663   0.348921   0.270195   0.304553
       182   0.584158   0.384743    0.63388   0.478844
       183   0.653465   0.360092   0.453757   0.401535
       184    0.60396   0.323077   0.464602   0.381125
       185   0.722772   0.818182   0.692308       0.75
       186   0.366337   0.469599   0.181591   0.261905
       187   0.663366   0.360465   0.752427   0.487421
       188   0.722772   0.385057   0.552198   0.453725
       189   0.485149   0.748927   0.480055    0.58508
       190   0.455446   0.653465    0.43883    0.52506
       191   0.716672   0.350091   0.647697   0.454512
       192   0.643564   0.702655   0.698944   0.700794
       193   0.831683    0.27896    0.34104   0.306892
       194   0.574257       0.52   0.324147   0.399353
       195   0.673267   0.305344   0.257235   0.279232
       196   0.722772   0.344203   0.503979   0.409042
       197   0.435644   0.489264   0.245008    0.32651
       198   0.782178   0.640327   0.824561   0.720859
       199   0.653465   0.506554   0.405806   0.450617
       200   0.554455   0.567901    0.18956   0.284243
       201   0.574257   0.418557   0.230682   0.297436
       202   0.712871   0.766481   0.417027   0.540162
       203   0.633663   0.359903   0.388021   0.373434
       204   0.584158   0.587662   0.639576   0.612521
       205   0.673267   0.507853   0.525745   0.516644
       206   0.524752   0.513978   0.286571   0.367975
       207   0.831683   0.223516   0.533333   0.315012
       208    0.60396   0.309066    0.51963   0.387597
       209   0.554455   0.415832   0.572414   0.481718
       210   0.455446   0.449086   0.303887   0.362487
       211   0.524752   0.308411   0.275766   0.291176
       212   0.644164   0.218576   0.314301   0.257841
       213   0.712871   0.306849   0.445328   0.363341
       214   0.782178   0.271782   0.577348   0.369584
       215   0.594059   0.531616   0.412727   0.464688
       216   0.584158   0.386297   0.224576    0.28403
       217   0.514851   0.442085   0.290978   0.350958
       218   0.544554   0.350195    0.40724   0.376569
       219    0.60396    0.41483   0.327014   0.365724
       220   0.752475   0.447537    0.30246   0.360967
       221   0.415842   0.404631   0.199674   0.267395
       222   0.732673   0.198915   0.214008   0.206186
       223   0.306931    0.37859   0.135768   0.199862
       224   0.613861   0.311647   0.295522   0.303371
       225    0.50495   0.735726   0.361378   0.484686
       226   0.613861   0.281955   0.691244   0.400534
       227   0.782178   0.601542   0.573529   0.587202
       228   0.524752   0.580952   0.474339    0.52226
       229   0.613861   0.520661   0.441176   0.477635
       230   0.821782   0.506536   0.527211   0.516667
       231   0.534653      0.575   0.360369   0.443059
       232   0.544554   0.431544    0.45814   0.444444
       233   0.485149   0.604651   0.740506   0.665718
       234   0.821782   0.253012   0.454874   0.325161
       235   0.712871   0.610169   0.606742   0.608451
       236   0.633663   0.444444   0.183206   0.259459
       237   0.574257   0.202703   0.150502   0.172745
       238   0.574257   0.433796   0.419001    0.42627
       239   0.663366   0.460084   0.644118   0.536765
       240    0.60396   0.314974   0.363095   0.337327
       241   0.663366   0.511006   0.453911   0.480769
       242   0.673267   0.439331   0.315315   0.367133
       243   0.534653   0.218513   0.186528   0.201258
       244   0.514851    0.65878   0.383611   0.484876
       245   0.653465   0.474645   0.394604   0.430939
       246   0.574257    0.25089        0.6   0.353827
       247   0.544554   0.718984   0.343326   0.464734
       248   0.782178  0.0751445   0.104839  0.0875421
       249   0.629363    0.32207   0.226642   0.266058
       250   0.643564   0.527311   0.535181   0.531217
       251   0.534653   0.134454   0.220039   0.166915
       252   0.712871   0.538843   0.322134   0.403216
       253   0.484448   0.296433   0.364438   0.326936
       254   0.523252   0.361689    0.15701   0.218966
       255   0.633663   0.603917   0.682657   0.640878
       256   0.524752   0.678869   0.304705   0.420619
       257   0.554455   0.473214   0.161585   0.240909
       258   0.653465   0.429501   0.325658    0.37044
       259   0.544554   0.426573   0.369697   0.396104
       260   0.564356   0.666667   0.788991   0.722689
       261   0.633663   0.491228   0.316682     0.3851
       262   0.584158   0.477889   0.589789   0.527975
       263   0.613861    0.42243   0.477801   0.448413
       264   0.732673   0.274633   0.253876   0.263847
       265   0.851485   0.456693    0.48468    0.47027
       266   0.475248   0.619855   0.270756   0.376886
       267   0.752475   0.661043   0.867203   0.750218
       268   0.762376   0.370098   0.565543   0.447407
       269   0.524752   0.567674   0.223025   0.320237
       270   0.821782   0.257143   0.245136   0.250996
       271   0.811881    0.39823   0.676692   0.501393
       272   0.564356   0.407041   0.233586   0.296831
       273    0.50495   0.341676   0.308448   0.324213
       274   0.722772   0.274268   0.328413   0.298908
       275   0.613861   0.478395   0.750605   0.584354
       276   0.752475   0.350427     0.5125   0.416244
       277   0.643564   0.358136   0.208274   0.263379
       278   0.584158   0.382423   0.221154   0.280244
       279   0.465347   0.354582   0.479784   0.407789
       280   0.663366   0.287783   0.554974   0.379023
       281   0.782178   0.322807   0.351145    0.33638
       282   0.475248   0.396114   0.325153   0.357143
       283    0.49505    0.53697   0.369783   0.437963
       284   0.435644    0.67562   0.382009    0.48806
       285   0.564356   0.547959   0.649335   0.594355
       286   0.554455   0.385069    0.33677   0.359303
       287   0.653465   0.286713   0.303704   0.294964
       288   0.445545   0.746429   0.332406   0.459972
       289   0.673267   0.549483    0.48564   0.515593
       290    0.50105   0.308572   0.205151   0.246451
       291   0.772277   0.376289   0.811111   0.514085
       292   0.712871   0.506803   0.986755   0.669663
       293   0.346535   0.644531   0.714286   0.677618
       294   0.831683   0.429638   0.446785   0.438043
       295   0.514851   0.446296   0.254219   0.323925
       296   0.514851   0.571672   0.169192   0.261107
       297   0.554455   0.410959   0.313433   0.355631
       298    0.70237   0.469047   0.796087   0.590296
       299   0.871287    0.21345   0.548872   0.307368
       300   0.633663   0.421941   0.352113   0.383877
       301    0.59976   0.496062   0.547984   0.520732
       302   0.534653   0.443452   0.443013   0.443233
       303   0.574257   0.359949   0.687651   0.472546
       304   0.851485   0.561728   0.562887   0.562307
       305   0.594059    0.51144   0.378863   0.435281
       306   0.643564   0.625641   0.418668   0.501645
       307   0.554455   0.312732   0.158521   0.210395
       308    0.39604   0.414815   0.211854   0.280467
       309   0.683168   0.497006   0.576389   0.533762
       310    0.50495   0.218693   0.233981   0.226079
       311   0.693069   0.607143   0.736994   0.665796
       312   0.693069    0.34767   0.258322   0.296409
       313   0.643564   0.224512   0.255871   0.239168
       314   0.792079   0.237647   0.450893   0.311248
       315   0.841584   0.475655    0.79375   0.594848
       316    0.49505   0.308383    0.19434   0.238426
       317    0.80198    0.16748    0.30117   0.215256
       318    0.50495   0.338462   0.087766   0.139388
       319   0.752475   0.427495   0.477895   0.451292
       320   0.782178   0.566402   0.693056    0.62336
       321   0.445545   0.488189   0.566728   0.524535
       322   0.445545   0.586667   0.352235   0.440183
       323   0.455446   0.632027   0.187232   0.288885
       324   0.623762   0.414336   0.806122   0.547344
       325   0.594059    0.74591   0.246188   0.370193
       326   0.564356   0.534826   0.400746   0.458178
       327   0.693069   0.296644   0.537713   0.382353
       328   0.851485   0.271605   0.556962   0.365145
       329   0.544554   0.462536   0.559233   0.506309
       330   0.415842   0.587838    0.21155   0.311131
       331    0.80198   0.252205   0.430723   0.318131
       332   0.720872    0.40936   0.295971   0.343551
       333   0.594059   0.358181   0.341361   0.349568
       334   0.455446   0.515738   0.301273   0.380357
       335    0.50495   0.232456   0.294444   0.259804
       336   0.574257   0.451247   0.390196   0.418507
       337   0.247525   0.550898   0.183024   0.274764
       338   0.405941   0.834034   0.104777   0.186166
       339   0.732673   0.232747   0.656489   0.343656
       340   0.534653    0.30719   0.152104   0.203463
       341   0.663366   0.380645   0.490305   0.428571
       342   0.782178   0.382406   0.352066   0.366609
       343   0.712871   0.314607   0.661417   0.426396
       344   0.623762   0.371689   0.298339   0.330999
       345   0.742574   0.338095   0.486301   0.398876
       346   0.663366   0.283422   0.495327   0.360544
       347   0.722772   0.191176   0.282609    0.22807
       348   0.643564   0.648734   0.438034   0.522959
       349    0.50495   0.649396   0.200213   0.306064
       350   0.772277   0.698795   0.832536   0.759825
       351   0.683168   0.415869   0.621677   0.498361
       352   0.485149   0.474608   0.283978    0.35534
       353   0.722772   0.437607   0.581818   0.499512
       354    0.49505   0.357143   0.550725   0.433295
       355   0.475248   0.257353   0.132576      0.175
       356    0.49505   0.355286   0.287518   0.317829
       357   0.445545   0.571656   0.455006   0.506704
       358   0.693069   0.322485   0.446721    0.37457
       359   0.633663   0.371369   0.368313   0.369835
       360   0.623762   0.364431   0.213311   0.269107
       361   0.455446   0.443838   0.354076   0.393908
       362   0.663366   0.436381   0.342203   0.383596
       363   0.455446   0.455769    0.21448   0.291692
       364   0.653465   0.358065   0.578125   0.442231
       365   0.572457   0.341191   0.481073   0.399234
       366   0.564356   0.338843   0.170922   0.227225
       367   0.633663   0.554381   0.692453   0.615772
       368    0.49505   0.538622   0.274176    0.36338
       369   0.594059   0.326693   0.486647   0.390942
       370    0.70297   0.357362   0.338663   0.347761
       371    0.39604   0.449091   0.125127   0.195721
       372   0.653465   0.485374    0.57732   0.527369
       373   0.564356   0.579065   0.308422   0.402477
       374   0.512251   0.598719   0.313045   0.411128
       375   0.465347   0.551579   0.391629   0.458042
       376    0.49505   0.251082   0.146096   0.184713
       377   0.514851   0.606613   0.283733   0.386628
       378   0.445545   0.354626    0.16894   0.228856
       379   0.623762   0.388206   0.521452    0.44507
       380   0.534653   0.619308   0.416157   0.497804
       381   0.465347   0.489559  0.0785262   0.135343
       382   0.649465   0.435727   0.426045   0.430832
       383   0.683168   0.388209   0.410588   0.399085
       384   0.891089   0.408108    0.71564   0.519793
       385   0.594059   0.458629   0.390342   0.421739
       386   0.720072   0.463128   0.377295   0.415828
       387   0.435644   0.454709   0.146025    0.22106
       388   0.594059   0.441003   0.356802   0.394459
       389   0.524752   0.683646   0.155204   0.252976
       390   0.475248   0.600932   0.385842   0.469945
       391    0.50495   0.478778   0.359236    0.41048
       392   0.425743   0.555147   0.371007   0.444772
       393   0.623762   0.515679   0.518389   0.517031
       394   0.445545   0.619469   0.623145   0.621302
       395   0.524752   0.265985   0.248804   0.257108
       396   0.643564    0.29533   0.316642   0.305615
       397   0.663366   0.420956   0.530093   0.469262
       398   0.841584   0.165493   0.810345   0.274854
       399   0.683168   0.292845   0.335878   0.312889
       400   0.673267   0.515152   0.382309   0.438898
       401   0.960396    0.18254          1   0.308725
       402   0.425743   0.686131    0.15486   0.252688
       403   0.613861   0.470588   0.182777   0.263291
       404   0.554455   0.411613   0.596262   0.487023
       405   0.356436   0.431862   0.175507   0.249584
       406   0.425743   0.325228   0.196691   0.245132
       407   0.643564   0.264463   0.176796   0.211921
       408    0.50495   0.376682   0.430769   0.401914
       409   0.633663    0.25679   0.355556   0.298208
       410    0.70297   0.264214   0.116176   0.161389
       411   0.792079   0.638554   0.219689   0.326908
       412    0.49505    0.47013   0.393906   0.428656
       413   0.574257   0.589128   0.562123   0.575309
       414   0.514851      0.504   0.261101   0.343994
       415    0.70297   0.313894   0.430588   0.363095
       416   0.841584   0.241509   0.423841   0.307692
       417    0.70297   0.413555   0.516408   0.459293
       418    0.60396   0.471014   0.264874   0.339071
       419    0.49505   0.305085   0.319527   0.312139
       420   0.811881   0.557196   0.674107   0.610101
       421    0.49505   0.484536   0.437209   0.459658
       422   0.762376   0.451546   0.650817   0.533171
       423   0.544554   0.374101   0.101365   0.159509
       424    0.60396   0.393017   0.426214   0.408943
       425   0.643564   0.370034   0.434667   0.399755
       426   0.574257   0.453159   0.302766   0.363002
       427   0.521652   0.354944   0.332118   0.343152
       428   0.623762   0.514739   0.488172   0.501104
       429   0.671367    0.55002   0.412002   0.471111
       430    0.50495   0.510181   0.369672   0.428707
       431   0.485149   0.501908   0.192533   0.278307
       432   0.524752   0.536388   0.294379   0.380134
       433   0.752475    0.45814    0.18673    0.26532
       434    0.50495   0.573333   0.195859   0.291975
       435   0.558056   0.404805   0.215731   0.281463
       436   0.594059   0.352518   0.640523   0.454756
       437    0.70297   0.627346   0.596939   0.611765
       438   0.623762   0.326165   0.681648   0.441212
       439   0.485149   0.438095   0.464646    0.45098
       440   0.326733   0.428781   0.167335   0.240725
       441   0.633663   0.240838   0.245989   0.243386
       442   0.554455   0.391685   0.177932   0.244703
       443   0.613861   0.316413   0.400428   0.353497
       444   0.574257    0.32358    0.52514   0.400426
       445   0.554455   0.435042   0.715686   0.541142
       446   0.623762   0.442308   0.654649   0.527927
       447   0.633663   0.361646   0.324686   0.342171
       448   0.554455   0.663517   0.413684   0.509629
       449   0.653465   0.498783   0.535248   0.516373
       450   0.455446   0.500376   0.330357   0.397968
       451   0.683168   0.300429   0.406977   0.345679
       452   0.861386   0.476344   0.597841   0.530221
       453   0.544554   0.661631   0.312411   0.424419
       454   0.673267   0.507692   0.270936   0.353319
       455   0.564356   0.450932   0.540179   0.491537
       456   0.622762    0.39488   0.488208   0.436612
       457   0.514851   0.514463   0.460259   0.485854
       458   0.831683   0.835735   0.830946   0.833333
       459   0.762376   0.265882   0.418519    0.32518
       460   0.712871   0.691275   0.707094   0.699095
       461    0.49505   0.431953   0.103253   0.166667
       462   0.554455    0.30719    0.32526   0.315966
       463   0.475248   0.216981   0.157895   0.182781
       464   0.386139   0.522099   0.325862   0.401274
       465   0.722772    0.48285   0.508333   0.495264
       466   0.623762   0.563462   0.413842   0.477199
       467   0.752475   0.293427   0.477099   0.363372
       468   0.643564    0.71733   0.412245   0.523587
       469   0.594059   0.399723     0.2312   0.292955
       470   0.673267   0.530797   0.566731   0.548176
       471   0.455446   0.565968   0.259395   0.355745
       472   0.626763    0.26738   0.423852   0.327906
       473   0.683168   0.618297   0.462264   0.529015
       474   0.473347   0.431792    0.16038   0.233887
       475   0.413641   0.415467   0.203432   0.273128
       476   0.683168   0.368132   0.437908        0.4
       477   0.672367   0.347073   0.418213   0.379336
       478   0.613861   0.533445   0.632937   0.578947
       479   0.643564   0.423488   0.584767   0.491228
       480   0.675668   0.375585    0.46416   0.415201
       481   0.623762   0.596852   0.350391   0.441558
       482   0.574257   0.594249   0.201081   0.300485
       483   0.366337   0.732143    0.12098   0.207648
       484   0.623762   0.460335   0.760148   0.573417
       485   0.841584   0.295567   0.447761   0.356083
       486   0.566657   0.336109   0.254903   0.289927
       487   0.663366   0.456989   0.496109   0.475746
       488   0.554455   0.365325   0.161866   0.224335
       489   0.742574    0.64432   0.831731   0.726128
       490   0.475248   0.405242   0.494465   0.445429
       491   0.772277    0.49654   0.701711    0.58156
       492   0.852785   0.366972        0.8   0.503145
       493   0.712871   0.433333   0.328076   0.373429
       494   0.475248   0.320755   0.263566   0.289362
       495   0.475248   0.419679    0.11689   0.182852
       496   0.742574   0.508969   0.618529   0.558426
       497   0.712871   0.495215   0.638889   0.557951
       498   0.752475   0.333945   0.281734   0.305626
       499   0.514851   0.472426   0.179344    0.25999
       500   0.390439   0.442426   0.145234   0.218682
       501   0.514851   0.544898   0.392647    0.45641
       502   0.613861   0.536508   0.537361   0.536934
       503   0.465347   0.697417        0.5   0.582435
       504   0.574257   0.459789   0.686061   0.550584
       505   0.524752    0.28626   0.320513   0.302419
       506   0.564356    0.38934   0.396694   0.392982
       507    0.60396   0.501623   0.489699   0.495589
       508   0.524752   0.780236   0.573131   0.660837
       509   0.584158     0.3241   0.209677   0.254625
       510   0.584058   0.416497   0.243317    0.30718
       511   0.950495    0.37931   0.993548    0.54902
       512   0.524752   0.369932   0.223242   0.278449
       513   0.574257   0.368217   0.520073   0.431165
       514   0.594059    0.61039   0.758065   0.676259
       515   0.673267   0.231373   0.776316   0.356495
       516    0.50045   0.737009     0.2902   0.416429
       517   0.524752   0.389078   0.609626      0.475
       518   0.683168   0.603982        0.7   0.648456
       519   0.821782   0.441718   0.768683   0.561039
       520    0.70297   0.375587   0.275862   0.318091
       521   0.584158   0.501348   0.427586   0.461538
       522   0.683168   0.631068   0.677083   0.653266
       523    0.80198   0.283485   0.223361   0.249857
       524   0.445545   0.411504   0.157627   0.227941
       525   0.435644   0.625219   0.395349   0.484396
       526   0.594059   0.474068   0.383355   0.423913
       527   0.752475   0.568905   0.387019   0.460658
       528    0.70297   0.392132   0.488924   0.435211
       529   0.772277   0.455635   0.848214   0.592824
       530   0.544554   0.347656   0.209248   0.261252
       531   0.549155   0.292019   0.336216   0.312563
       532   0.465347   0.197926   0.255474   0.223048
       533   0.465347   0.876556   0.227089   0.360726
       534   0.534653   0.266667    0.11329   0.159021
       535    0.49505    0.47786    0.15659   0.235883
       536   0.376238   0.372807   0.347648   0.359788
       537   0.554455   0.567623   0.184544   0.278532
       538   0.762376    0.51952   0.711934   0.600694
       539   0.653465   0.454867   0.709945   0.554477
       540   0.445545   0.496695   0.144983   0.224451
       541   0.534653   0.355589   0.286405   0.317269
       542   0.544554   0.285388   0.545852   0.374813
       543   0.683168   0.680412   0.813977   0.741226
       544   0.524752   0.466513   0.277854   0.348276
       545    0.60396   0.518433   0.410584   0.458248
       546   0.574257   0.479354   0.142248   0.219392
       547   0.544554   0.533835   0.202164   0.293267
       548   0.663366   0.647837   0.392285   0.488667
       549   0.594059   0.391045   0.501916   0.439597
       550   0.633663   0.435897   0.374449   0.402844
       551   0.782178   0.480769   0.801282   0.600962
       552   0.613861   0.280702   0.440367   0.342857
       553    0.70297      0.192   0.237037   0.212155
       554   0.405941   0.534431   0.290244   0.376185
       555   0.637264   0.369495   0.396395   0.382473
       556   0.633663   0.363517   0.273986   0.312465
       557   0.782178   0.595491   0.858509   0.703211
       558   0.455446   0.445946   0.283871   0.346912
       559   0.564356   0.653199   0.326874    0.43571
       560   0.712871   0.442553       0.65   0.526582
       561   0.722772   0.434685   0.327119   0.373308
       562   0.475248   0.638614  0.0728265   0.130743
       563   0.554455   0.355463   0.557484   0.434122
       564   0.512551   0.293641   0.624843   0.399527
       565   0.534653   0.440137   0.555396   0.491094
       566   0.376238   0.518349   0.153117   0.236402
       567   0.588659   0.640932    0.27752   0.387329
       568   0.465347   0.320366   0.149893    0.20423
       569   0.821782   0.449664   0.479428   0.464069
       570   0.475248   0.299728   0.353698   0.324484
       571   0.366337   0.451505   0.107914   0.174194
       572    0.60396   0.715551   0.600826    0.65319
       573   0.564356   0.693739    0.46697   0.558203
       574   0.584158   0.471349   0.307971   0.372535
       575   0.663366   0.462687   0.390991   0.423828
       576   0.752475   0.362319   0.262238    0.30426
       577   0.653465   0.176292   0.205674   0.189853
       578   0.782178   0.528796   0.694158   0.600297
       579   0.445545   0.390345   0.171932   0.238718
       580   0.514851   0.226395   0.354027   0.276178
       581   0.455446   0.582915    0.10706   0.180897
       582   0.653465       0.62   0.406114   0.490765
       583    0.60396   0.623333   0.512329   0.562406
       584   0.772277   0.415054   0.537604   0.468447
       585   0.950495   0.518692   0.628895   0.568502
       586   0.544554   0.419776   0.198413   0.269461
       587   0.485149   0.649254   0.210145   0.317518
       588   0.811881   0.342246   0.286996   0.312195
       589   0.643564   0.517488   0.575597   0.544998
       590   0.445545   0.485069   0.361957   0.414566
       591   0.524752   0.734417      0.542   0.623705
       592   0.663366   0.557971   0.416779   0.477149
       593   0.475248   0.219512   0.133829   0.166282
       594   0.554455   0.401258   0.234214   0.295781
       595    0.60396    0.48972    0.39697   0.438494
       596   0.594059   0.369483   0.441931   0.402473
       597   0.564356   0.646113      0.482   0.552119
       598   0.574257    0.31441   0.291498   0.302521
       599    0.50495   0.457526   0.198192   0.276577
       600   0.623762   0.713483   0.835526   0.769697
       601   0.564356   0.259649   0.183623   0.215116
       602   0.534653   0.522727  0.0914773   0.155706
       603   0.534653   0.254064   0.175096   0.207315
       604   0.544554   0.369912   0.575758   0.450431
       605   0.613861   0.517405   0.284843   0.367416
       606   0.623762   0.389752   0.582367   0.466977
       607   0.683168   0.217557   0.283582    0.24622
       608   0.752475   0.412281   0.903846   0.566265
       609   0.683168   0.435897   0.325048   0.372399
       610   0.524052   0.331728   0.347512   0.339437
       611   0.405941    0.53954   0.106712   0.178182
       612   0.663366   0.446494   0.471735   0.458768
       613   0.643564   0.218812   0.283333   0.246927
       614   0.762376   0.703812   0.781759   0.740741
       615   0.643564   0.642857   0.487952   0.554795
       616   0.663366   0.508043   0.660279   0.574242
       617    0.50495   0.506512   0.242382   0.327869
       618   0.693069   0.504918   0.263699   0.346457
       619   0.653465   0.337571   0.440959     0.3824
       620   0.673267   0.263889       0.76   0.391753
       621    0.80198   0.268793   0.222642    0.24355
       622   0.673267    0.51616    0.46056   0.486777
       623   0.366337   0.334286   0.280576   0.305085
       624   0.607461   0.414279   0.781302   0.541456
       625   0.623762   0.455285   0.481375   0.467967
       626   0.722772   0.468647   0.540952    0.50221
       627   0.673267   0.578571      0.648   0.611321
       628   0.613861   0.413027    0.28655   0.338355
       629   0.683168   0.324961   0.489362   0.390566
       630   0.633663   0.325368   0.383117   0.351889
       631   0.574257   0.431316   0.274282   0.335325
       632   0.653465   0.629579   0.215213   0.320774
       633   0.584158   0.343621   0.231944   0.276949
       634   0.712871   0.491876   0.794749   0.607664
       635   0.534653   0.552318   0.271308   0.363874
       636    0.49505   0.581788   0.188834   0.285124
       637   0.554455   0.354545   0.409449   0.380024
       638   0.792079   0.242735   0.435583   0.311745
       639   0.851485   0.252427   0.275132   0.263291
       640    0.49505   0.449351   0.562602   0.499639
       641   0.658166   0.442906   0.544022   0.488284
       642   0.613861      0.235   0.405172   0.297468
       643   0.594059   0.569307   0.266615   0.363158
       644    0.50195   0.411038   0.315301    0.35686
       645    0.60396   0.308411   0.254826    0.27907
       646    0.50495   0.521978   0.360759   0.426647
       647   0.811881   0.315175    0.80198   0.452514
       648   0.732673   0.158672   0.281046    0.20283
       649   0.748475   0.587978   0.747611   0.658255
       650   0.554455   0.586987   0.261995   0.362287
       651   0.851485   0.222689   0.726027   0.340836
       652   0.584158   0.449176   0.485884   0.466809
       653    0.60396   0.413249    0.18069    0.25144
       654   0.584158   0.378378   0.180479   0.244389
       655    0.60396   0.536585      0.352   0.425121
       656   0.237624   0.430421    0.12703   0.196165
       657   0.455446   0.657975   0.226027   0.336471
       658   0.653465   0.465328   0.283648   0.352453
       659   0.465347   0.538462   0.465538   0.499351
       660   0.613861   0.583815   0.782946   0.668874
       661   0.326733   0.306818   0.211488   0.250386
       662   0.514851   0.536434    0.49078   0.512593
       663   0.693069   0.285714    0.22807   0.253659
       664   0.524752   0.463277   0.454294   0.458741
       665   0.633663   0.553259   0.601036   0.576159
       666   0.653465   0.676149   0.581921   0.625506
       667   0.475248   0.442353   0.382114   0.410033
       668   0.683168   0.454768   0.521008    0.48564
       669   0.514851   0.568182   0.157162   0.246219
       670   0.415842   0.617698    0.27328    0.37892
       671   0.841584   0.287926   0.426606   0.343808
       672   0.831683    0.28125   0.610169   0.385027
       673   0.762376      0.518   0.483209        0.5
       674   0.475248   0.426112   0.356543   0.388235
       675    0.70297    0.75122   0.706422   0.728132
       676   0.712871   0.296117   0.226766   0.256842
       677   0.425743   0.608365   0.343348   0.438957
       678   0.564356   0.316169   0.313265    0.31471
       679   0.663366   0.526814     0.2672   0.354565
       680   0.514851   0.338776   0.256966   0.292254
       681   0.366337   0.721271  0.0990598   0.174195
       682   0.663366   0.294618   0.342105   0.316591
       683   0.594059   0.504318   0.370558   0.427213
       684   0.534653   0.383225   0.500328   0.434016
       685    0.70297   0.248447   0.833333   0.382775
       686   0.554455   0.425974   0.168119   0.241088
       687   0.831683   0.440466   0.583241   0.501898
       688   0.661766    0.23226   0.347871   0.278545
       689   0.425743   0.348534   0.563158   0.430584
       690   0.594059   0.595007   0.384064   0.466812
       691   0.507651   0.761255   0.216821   0.337512
       692   0.821782    0.33101   0.549133   0.413043
       693   0.623762   0.345018    0.71374   0.465174
       694   0.554455   0.553897   0.333333   0.416199
       695   0.564356   0.454237   0.523438   0.486388
       696   0.467247   0.421044   0.229899   0.297407
       697   0.584158    0.52381   0.434365   0.474912
       698   0.574257   0.266055      0.435   0.330171
       699   0.524752   0.196679   0.279492   0.230885
       700    0.70297     0.3861   0.265957   0.314961
       701   0.792079   0.258567   0.295374   0.275748
       702   0.564356   0.420327   0.429956   0.425087
       703   0.613861   0.526264   0.462141   0.492122
       704   0.762376   0.336436   0.294186   0.313896
       705   0.465347   0.344985   0.250552   0.290281
       706   0.623762    0.37037   0.251346   0.299465
       707   0.653465   0.505396   0.427052   0.462932
       708   0.524752   0.305483   0.191803    0.23565
       709   0.594059   0.485741   0.313353   0.380952
       710   0.574257   0.239398   0.514706   0.326797
       711   0.643564   0.316062   0.280245   0.297078
       712   0.673267   0.416999   0.226225   0.293321
       713   0.623762    0.48308   0.589876   0.531163
       714   0.673267   0.354217   0.466667    0.40274
       715   0.762376   0.569579   0.725773   0.638259
       716   0.673267   0.440529   0.259403   0.326531
       717   0.613861   0.558052   0.365196   0.441481
       718   0.584158   0.587773   0.430169   0.496771
       719   0.712871   0.416364   0.622283   0.498911
       720   0.514851   0.346809   0.203496   0.256491
       721   0.683168   0.510535   0.641548   0.568592
       722   0.643564   0.349515   0.270169   0.304762
       723   0.415842   0.765492   0.195774   0.311804
       724   0.775278   0.445255   0.516949   0.478431
       725   0.476248   0.545266   0.241294   0.334544
       726   0.514851   0.720994   0.697861   0.709239
       727    0.49505        0.5   0.511779   0.505821
       728   0.653465   0.508083   0.873016   0.642336
       729   0.772277   0.288931   0.233333   0.258173
       730   0.526653   0.593609   0.330207   0.424357
       731   0.871287   0.624277   0.668731    0.64574
       732   0.693069   0.680525   0.859116   0.759463
       733   0.534653   0.459259   0.396927   0.425824
       734    0.70297   0.394659   0.592428   0.473731
       735   0.712871   0.504435   0.532164   0.517928
       736   0.673267   0.341131   0.451613   0.388673
       737   0.712871   0.428875   0.534392   0.475854
       738   0.544554   0.352332      0.544   0.427673
       739   0.514851   0.519036   0.209851   0.298867
       740   0.386139   0.605191   0.298316   0.399639
       741    0.60396   0.607477   0.725446   0.661241
       742    0.60396   0.295688   0.313725    0.30444
       743   0.653465   0.224622        0.5   0.309985
       744   0.673267   0.351351   0.429752   0.386617
       745   0.693069   0.339752   0.234345   0.277372
