0.00990099   0.788491  0.0810105   0.146926
  0.019802   0.788393  0.0810233   0.146945
  0.029703   0.788362  0.0810335   0.146961
  0.039604    0.78826  0.0810392   0.146969
  0.049505   0.788201  0.0810558   0.146995
 0.0594059   0.788127  0.0810746   0.147025
 0.0693069    0.78797  0.0810947   0.147055
 0.0792079   0.787911  0.0811437   0.147135
 0.0891089   0.787826  0.0812064   0.147236
 0.0990099   0.787623  0.0812815   0.147356
  0.108911    0.78745  0.0813804   0.147516
  0.118812   0.787272  0.0815136   0.147731
  0.128713   0.787035  0.0816838   0.148007
  0.138614   0.786785  0.0819055   0.148366
  0.148515   0.786434  0.0821916   0.148829
  0.158416   0.786089  0.0825798   0.149459
  0.168317   0.785753   0.083109   0.150319
  0.178218   0.785256  0.0838151   0.151464
  0.188119   0.784661  0.0846935   0.152885
   0.19802   0.784016  0.0857659   0.154618
  0.207921   0.783178  0.0870671   0.156712
  0.217822   0.782237  0.0885946   0.159163
  0.227723   0.780938  0.0903351   0.161938
  0.237624   0.779368  0.0923415   0.165119
  0.247525   0.777356  0.0945817   0.168644
  0.257426   0.775039  0.0971595   0.172673
  0.267327     0.7722  0.0999878    0.17705
  0.277228    0.76931   0.103097   0.181827
  0.287129   0.765731   0.106445   0.186908
   0.29703   0.761114   0.109887   0.192047
  0.306931   0.756126    0.11367   0.197629
  0.316832   0.749527   0.117567   0.203252
  0.326733   0.743227   0.121817   0.209325
  0.336634    0.73568   0.126285   0.215567
  0.346535   0.727685   0.130972   0.221989
  0.356436   0.719024   0.135858   0.228535
  0.366337   0.709607   0.141047    0.23532
  0.376238   0.699924   0.146533   0.242332
  0.386139   0.689558   0.152279   0.249467
   0.39604   0.678768   0.158259   0.256672
  0.405941   0.667037   0.164275   0.263625
  0.415842   0.655126   0.170547    0.27064
  0.425743   0.642788   0.177226   0.277846
  0.435644   0.629772   0.183844   0.284605
  0.445545   0.616383   0.190436   0.290973
  0.455446   0.602709    0.19742   0.297419
  0.465347   0.588647   0.204264   0.303286
  0.475248   0.574383   0.211325   0.308973
  0.485149   0.560729   0.218865   0.314841
   0.49505   0.547142   0.226208   0.320082
   0.50495   0.533353   0.233811   0.325103
  0.514851   0.519096   0.241234   0.329393
  0.524752   0.504942   0.248533    0.33311
  0.534653   0.490975   0.256135   0.336647
  0.544554   0.477617   0.263933   0.339988
  0.554455   0.464339    0.27222   0.343224
  0.564356   0.450934   0.280393   0.345779
  0.574257   0.437323   0.288425     0.3476
  0.584158   0.423992    0.29687   0.349222
  0.594059   0.411823   0.305744   0.350943
   0.60396   0.399231   0.314407   0.351778
  0.613861   0.387098   0.323908   0.352695
  0.623762   0.375134   0.333311   0.352988
  0.633663   0.363083    0.34277   0.352635
  0.643564   0.351301   0.352483   0.351891
  0.653465   0.340397   0.362548   0.351124
  0.663366   0.329305   0.372664   0.349646
  0.673267   0.318513   0.383274   0.347906
  0.683168    0.30729   0.393338    0.34503
  0.693069   0.296687   0.404127   0.342171
   0.70297   0.286667     0.4155   0.339264
  0.712871   0.276662   0.426881   0.335734
  0.722772   0.266985   0.438405   0.331866
  0.732673   0.257338   0.449092    0.32719
  0.742574   0.247904   0.459641   0.322091
  0.752475   0.238915   0.470846   0.316986
  0.762376   0.230277   0.482938   0.311854
  0.772277   0.221916   0.494669   0.306384
  0.782178   0.212952   0.505834   0.299723
  0.792079   0.204621   0.517181   0.293227
   0.80198   0.196381   0.528668   0.286381
  0.811881   0.187979   0.538617   0.278694
  0.821782   0.179663   0.550259   0.270881
  0.831683   0.171332   0.560676    0.26246
  0.841584   0.163225   0.571365   0.253913
  0.851485   0.155845   0.581657   0.245826
  0.861386   0.148498   0.591895   0.237428
  0.871287   0.140317    0.60172   0.227566
  0.881188   0.133198   0.611442   0.218744
  0.891089   0.126064   0.621663    0.20962
   0.90099   0.118828   0.631565   0.200022
  0.910891   0.111187   0.642121   0.189551
  0.920792   0.103799   0.654086   0.179165
  0.930693  0.0962037   0.665813   0.168116
  0.940594  0.0882638   0.676614   0.156157
  0.950495  0.0803048   0.689932   0.143864
  0.960396  0.0719037   0.700965   0.130428
  0.970297  0.0630498    0.71101   0.115828
  0.980198  0.0536712   0.725969  0.0999529
  0.990099  0.0409415   0.737809  0.0775782
